2475 100
1 19.71500015258789
2 19.301071166992188
3 19.05714225769043
4 19.211429595947266
5 19.238929748535156
6 19.11964225769043
7 18.96821403503418
8 18.924285888671875
9 19.2021427154541
10 19.7021427154541
11 19.702856063842773
12 19.282142639160156
13 19.30071449279785
14 19.56464385986328
15 19.457500457763672
16 19.45535659790039
17 19.491071701049805
18 17.93107032775879
19 17.807857513427734
20 17.739286422729492
21 17.626785278320312
22 17.832143783569336
23 17.955713272094727
24 18.08035659790039
25 18.136070251464844
26 18.47785758972168
27 18.5
28 18.91071319580078
29 19.044286727905273
30 19.078571319580078
31 19.328929901123047
32 19.48607063293457
33 19.08392906188965
34 18.89285659790039
35 18.735713958740234
36 18.65785789489746
37 18.60714340209961
38 18.41428565979004
39 18.430356979370117
40 18.64714241027832
41 18.671785354614258
42 18.848928451538086
43 18.897499084472656
44 18.860713958740234
45 18.787500381469727
46 18.869285583496094
47 19.02107048034668
48 19.0
49 18.898571014404297
50 18.678571701049805
51 18.780357360839844
52 18.757143020629883
53 18.89285659790039
54 18.83392906188965
55 18.797500610351562
56 19.109285354614258
57 19.27107048034668
58 19.2450008392334
59 19.11142921447754
60 19.08035659790039
61 19.140356063842773
62 19.17035675048828
63 19.295000076293945
64 19.20142936706543
65 18.94928550720215
66 18.63892936706543
67 18.524999618530273
68 18.643571853637695
69 18.684642791748047
70 18.46928596496582
71 18.471786499023438
72 18.26178550720215
73 18.36214256286621
74 18.542856216430664
75 18.71285629272461
76 18.803571701049805
77 18.730356216430664
78 20.026071548461914
79 20.141429901123047
80 20.448213577270508
81 21.05392837524414
82 21.064285278320312
83 20.941429138183594
84 21.061071395874023
85 21.071428298950195
86 21.22892951965332
87 20.9903564453125
88 20.94285774230957
89 20.726070404052734
90 20.97857093811035
91 21.0964298248291
92 21.13357162475586
93 21.001428604125977
94 20.907142639160156
95 21.333213806152344
96 21.45464324951172
97 21.50214385986328
98 21.575000762939453
99 21.659643173217773
100 21.986785888671875
101 22.277856826782227
102 22.42035675048828
103 22.46071434020996
104 22.23214340209961
105 22.4375
106 22.71821403503418
107 22.95035743713379
108 23.016786575317383
109 22.9375
110 23.392499923706055
111 23.36750030517578
112 22.975000381469727
113 22.719999313354492
114 22.862499237060547
115 22.950000762939453
116 22.837499618530273
117 22.834999084472656
118 22.725000381469727
119 22.649999618530273
120 22.547500610351562
121 22.412500381469727
122 22.450000762939453
123 22.6924991607666
124 23.022499084472656
125 23.282499313354492
126 23.272499084472656
127 23.299999237060547
128 23.524999618530273
129 23.479999542236328
130 23.690000534057617
131 23.3799991607666
132 23.71500015258789
133 23.912500381469727
134 23.75749969482422
135 23.684999465942383
136 23.142499923706055
137 23.2549991607666
138 23.43000030517578
139 23.530000686645508
140 23.792499542236328
141 24.104999542236328
142 24.15999984741211
143 24.387500762939453
144 24.5625
145 24.417499542236328
146 23.832500457763672
147 23.702499389648438
148 23.792499542236328
149 23.59000015258789
150 23.677499771118164
151 23.524999618530273
152 23.31999969482422
153 23.709999084472656
154 23.90250015258789
155 24.010000228881836
156 24.200000762939453
157 24.21500015258789
158 24.4950008392334
159 24.829999923706055
160 24.987499237060547
161 25.02750015258789
162 25.047500610351562
163 25.31999969482422
164 25.21500015258789
165 25.174999237060547
166 25.389999389648438
167 25.549999237060547
168 25.68000030517578
169 24.645000457763672
170 24.447500228881836
171 24.577499389648438
172 24.512500762939453
173 24.03499984741211
174 24.440000534057617
175 24.905000686645508
176 25.270000457763672
177 25.360000610351562
178 24.72249984741211
179 25.147499084472656
180 25.389999389648438
181 25.125
182 25.145000457763672
183 25.135000228881836
184 25.299999237060547
185 24.43000030517578
186 24.600000381469727
187 24.657499313354492
188 25.13249969482422
189 24.674999237060547
190 24.510000228881836
191 24.760000228881836
192 24.854999542236328
193 24.6825008392334
194 24.577499389648438
195 25.15250015258789
196 25.075000762939453
197 24.952499389648438
198 24.642499923706055
199 23.795000076293945
200 23.852500915527344
201 24.202499389648438
202 24.55500030517578
203 25.3174991607666
204 25.649999618530273
205 25.907499313354492
206 26.13249969482422
207 26.174999237060547
208 26.337499618530273
209 26.59000015258789
210 26.475000381469727
211 26.802499771118164
212 27.002500534057617
213 26.93000030517578
214 27.032499313354492
215 26.950000762939453
216 27.137500762939453
217 27.167499542236328
218 27.100000381469727
219 27.342500686645508
220 27.899999618530273
221 27.802499771118164
222 28.325000762939453
223 28.47249984741211
224 28.450000762939453
225 28.712499618530273
226 29.00749969482422
227 29.155000686645508
228 29.362499237060547
229 29.457500457763672
230 29.512500762939453
231 27.8174991607666
232 28.1875
233 28.77750015258789
234 28.822500228881836
235 28.65999984741211
236 27.905000686645508
237 27.337499618530273
238 27.885000228881836
239 27.834999084472656
240 27.395000457763672
241 26.587499618530273
242 26.565000534057617
243 26.704999923706055
244 27.665000915527344
245 27.915000915527344
246 27.99250030517578
247 28.114999771118164
248 28.002500534057617
249 28.002500534057617
250 28.424999237060547
251 28.02750015258789
252 27.552499771118164
253 26.837499618530273
254 26.352500915527344
255 26.157499313354492
256 26.674999237060547
257 27.174999237060547
258 27.552499771118164
259 27.200000762939453
260 27.227500915527344
261 27.125
262 26.665000915527344
263 26.299999237060547
264 26.625
265 27.0674991607666
266 27.43000030517578
267 27.88249969482422
268 28.200000762939453
269 27.25749969482422
270 28.827499389648438
271 28.889999389648438
272 29.212499618530273
273 29.020000457763672
274 29.40250015258789
275 29.577499389648438
276 29.8125
277 29.612499237060547
278 29.607500076293945
279 30.040000915527344
280 30.625
281 31.392499923706055
282 31.412500381469727
283 31.729999542236328
284 31.862499237060547
285 32.08250045776367
286 32.01250076293945
287 32.415000915527344
288 32.79249954223633
289 32.037498474121094
290 31.65250015258789
291 32.060001373291016
292 32.07500076293945
293 32.022499084472656
294 32.08000183105469
295 31.440000534057617
296 31.565000534057617
297 31.264999389648438
298 30.950000762939453
299 30.52750015258789
300 30.407499313354492
301 30.645000457763672
302 30.717500686645508
303 31.412500381469727
304 31.592500686645508
305 31.850000381469727
306 31.290000915527344
307 31.6299991607666
308 31.639999389648438
309 30.844999313354492
310 30.649999618530273
311 30.727500915527344
312 31.0
313 31.09000015258789
314 30.774999618530273
315 31.047500610351562
316 31.082500457763672
317 31.4950008392334
318 31.24250030517578
319 31.165000915527344
320 31.315000534057617
321 31.65250015258789
322 31.477500915527344
323 31.502500534057617
324 31.52750015258789
325 31.114999771118164
326 31.292499542236328
327 31.667499542236328
328 31.579999923706055
329 32.03499984741211
330 32.307498931884766
331 32.787498474121094
332 32.39250183105469
333 32.07500076293945
334 31.145000457763672
335 31.325000762939453
336 32.064998626708984
337 31.44499969482422
338 30.84000015258789
339 31.0049991607666
340 31.52750015258789
341 31.407499313354492
342 31.204999923706055
343 31.467500686645508
344 31.790000915527344
345 32.0525016784668
346 32.09000015258789
347 32.40999984741211
348 32.334999084472656
349 32.45750045776367
350 32.849998474121094
351 32.279998779296875
352 32.51250076293945
353 32.775001525878906
354 32.474998474121094
355 32.51250076293945
356 32.33000183105469
357 32.474998474121094
358 32.227500915527344
359 32.09000015258789
360 31.707500457763672
361 31.405000686645508
362 31.962499618530273
363 32.119998931884766
364 31.77750015258789
365 31.427499771118164
366 31.592500686645508
367 31.684999465942383
368 31.80500030517578
369 31.600000381469727
370 31.770000457763672
371 31.719999313354492
372 31.780000686645508
373 31.875
374 31.627500534057617
375 31.1200008392334
376 31.21500015258789
377 31.497499465942383
378 31.4424991607666
379 31.212499618530273
380 30.9424991607666
381 30.635000228881836
382 29.80500030517578
383 30.302499771118164
384 31.079999923706055
385 31.260000228881836
386 31.395000457763672
387 31.837499618530273
388 32.07749938964844
389 32.67499923706055
390 32.58000183105469
391 30.497499465942383
392 31.264999389648438
393 30.975000381469727
394 30.530000686645508
395 30.637500762939453
396 30.5674991607666
397 30.427499771118164
398 30.227500915527344
399 29.3799991607666
400 28.3125
401 28.024999618530273
402 28.530000686645508
403 28.625
404 29.13249969482422
405 28.332500457763672
406 27.407499313354492
407 28.635000228881836
408 28.502500534057617
409 28.875
410 29.002500534057617
411 28.670000076293945
412 27.907499313354492
413 26.412500381469727
414 23.0
415 25.875
416 26.262500762939453
417 27.5049991607666
418 27.885000228881836
419 28.0
420 26.84000015258789
421 27.282499313354492
422 27.510000228881836
423 27.127500534057617
424 27.579999923706055
425 27.4424991607666
426 27.475000381469727
427 27.940000534057617
428 28.71500015258789
429 28.604999542236328
430 28.860000610351562
431 28.43000030517578
432 27.967500686645508
433 28.415000915527344
434 28.1299991607666
435 28.325000762939453
436 28.092500686645508
437 28.5049991607666
438 28.110000610351562
439 26.96500015258789
440 27.1825008392334
441 26.827499389648438
442 26.887500762939453
443 27.267499923706055
444 27.4424991607666
445 27.352500915527344
446 27.052499771118164
447 27.372499465942383
448 27.860000610351562
449 27.670000076293945
450 27.389999389648438
451 27.622499465942383
452 27.63249969482422
453 27.52750015258789
454 27.704999923706055
455 28.424999237060547
456 28.524999618530273
457 29.082500457763672
458 28.729999542236328
459 28.497499465942383
460 29.014999389648438
461 29.5674991607666
462 29.862499237060547
463 29.90250015258789
464 30.174999237060547
465 30.405000686645508
466 30.045000076293945
467 30.155000686645508
468 30.012500762939453
469 29.014999389648438
470 28.802499771118164
471 28.912500381469727
472 28.0674991607666
473 27.75
474 28.329999923706055
475 28.875
476 29.190000534057617
477 29.712499618530273
478 29.334999084472656
479 29.280000686645508
480 29.479999542236328
481 29.399999618530273
482 29.4375
483 29.21500015258789
484 29.020000457763672
485 28.55500030517578
486 28.77750015258789
487 29.452499389648438
488 29.21500015258789
489 28.770000457763672
490 28.877500534057617
491 28.212499618530273
492 27.447500228881836
493 27.587499618530273
494 27.200000762939453
495 27.2450008392334
496 26.452499389648438
497 26.392499923706055
498 26.612499237060547
499 26.799999237060547
500 26.987499237060547
501 26.545000076293945
502 26.71500015258789
503 26.795000076293945
504 26.204999923706055
505 25.5
506 25.602500915527344
507 24.967500686645508
508 24.107500076293945
509 24.190000534057617
510 24.334999084472656
511 24.709999084472656
512 24.325000762939453
513 23.934999465942383
514 23.84000015258789
515 23.875
516 23.354999542236328
517 23.735000610351562
518 24.592500686645508
519 24.802499771118164
520 24.517499923706055
521 23.334999084472656
522 23.09749984741211
523 23.587499618530273
524 23.850000381469727
525 23.56999969482422
526 23.520000457763672
527 23.797500610351562
528 23.422500610351562
529 23.260000228881836
530 23.482500076293945
531 23.524999618530273
532 23.147499084472656
533 23.252500534057617
534 23.65250015258789
535 24.037500381469727
536 24.022499084472656
537 23.950000762939453
538 23.979999542236328
539 23.637500762939453
540 23.329999923706055
541 23.8125
542 24.145000457763672
543 24.162500381469727
544 24.354999542236328
545 24.90999984741211
546 25.112499237060547
547 25.342500686645508
548 25.239999771118164
549 25.100000381469727
550 25.0674991607666
551 25.037500381469727
552 25.375
553 25.44499969482422
554 25.962499618530273
555 26.147499084472656
556 26.239999771118164
557 26.297500610351562
558 26.28499984741211
559 26.302499771118164
560 26.475000381469727
561 26.22249984741211
562 26.264999389648438
563 26.219999313354492
564 27.149999618530273
565 27.219999313354492
566 27.049999237060547
567 27.5674991607666
568 27.354999542236328
569 27.299999237060547
570 27.030000686645508
571 27.042499542236328
572 27.207500457763672
573 27.165000915527344
574 27.700000762939453
575 27.832500457763672
576 27.4325008392334
577 26.735000610351562
578 26.5575008392334
579 26.514999389648438
580 26.3799991607666
581 26.155000686645508
582 26.127500534057617
583 25.977500915527344
584 23.920000076293945
585 23.5625
586 23.127500534057617
587 23.100000381469727
588 23.420000076293945
589 23.454999923706055
590 23.170000076293945
591 22.962499618530273
592 23.147499084472656
593 23.02750015258789
594 23.114999771118164
595 22.36750030517578
596 22.5
597 22.912500381469727
598 23.252500534057617
599 23.47249984741211
600 23.392499923706055
601 23.6299991607666
602 23.917499542236328
603 24.209999084472656
604 24.52750015258789
605 24.65999984741211
606 24.8125
607 24.704999923706055
608 24.582500457763672
609 24.157499313354492
610 24.362499237060547
611 24.387500762939453
612 24.739999771118164
613 24.670000076293945
614 24.614999771118164
615 24.6200008392334
616 24.274999618530273
617 24.1875
618 24.25749969482422
619 24.017499923706055
620 23.825000762939453
621 23.75749969482422
622 23.670000076293945
623 23.837499618530273
624 23.8125
625 23.162500381469727
626 22.875
627 23.03499984741211
628 23.407499313354492
629 23.575000762939453
630 23.832500457763672
631 23.614999771118164
632 23.592500686645508
633 23.905000686645508
634 24.012500762939453
635 24.1825008392334
636 24.280000686645508
637 24.209999084472656
638 24.329999923706055
639 24.625
640 24.649999618530273
641 24.834999084472656
642 24.934999465942383
643 24.782499313354492
644 24.577499389648438
645 24.229999542236328
646 24.104999542236328
647 25.6875
648 25.704999923706055
649 25.920000076293945
650 26.102500915527344
651 26.0
652 26.1924991607666
653 26.31999969482422
654 26.545000076293945
655 26.790000915527344
656 27.002500534057617
657 26.940000534057617
658 26.962499618530273
659 26.94499969482422
660 27.020000457763672
661 27.302499771118164
662 27.084999084472656
663 27.2549991607666
664 27.09000015258789
665 26.962499618530273
666 27.13249969482422
667 26.920000076293945
668 26.670000076293945
669 26.577499389648438
670 26.572500228881836
671 26.375
672 26.40999984741211
673 26.405000686645508
674 26.704999923706055
675 26.877500534057617
676 26.767499923706055
677 26.309999465942383
678 25.782499313354492
679 25.63249969482422
680 26.809999465942383
681 27.149999618530273
682 28.372499465942383
683 28.510000228881836
684 28.3125
685 28.127500534057617
686 28.110000610351562
687 28.5
688 27.887500762939453
689 27.887500762939453
690 28.084999084472656
691 28.357500076293945
692 27.950000762939453
693 27.950000762939453
694 28.06999969482422
695 28.157499313354492
696 28.172500610351562
697 28.282499313354492
698 28.377500534057617
699 28.68000030517578
700 29.049999237060547
701 29.1875
702 28.93000030517578
703 29.282499313354492
704 29.19499969482422
705 29.362499237060547
706 28.450000762939453
707 29.082500457763672
708 29.06999969482422
709 29.25
710 29.327499389648438
711 28.327499389648438
712 28.524999618530273
713 28.362499237060547
714 28.299999237060547
715 27.63249969482422
716 27.8075008392334
717 27.387500762939453
718 27.02750015258789
719 27.364999771118164
720 27.424999237060547
721 27.012500762939453
722 26.457500457763672
723 26.637500762939453
724 26.020000457763672
725 26.540000915527344
726 26.649999618530273
727 27.207500457763672
728 27.415000915527344
729 27.502500534057617
730 27.850000381469727
731 27.582500457763672
732 27.737499237060547
733 27.84749984741211
734 27.517499923706055
735 27.5674991607666
736 27.25749969482422
737 27.212499618530273
738 27.0625
739 27.297500610351562
740 27.290000915527344
741 27.649999618530273
742 28.077499389648438
743 28.122499465942383
744 28.4375
745 28.7450008392334
746 28.8075008392334
747 28.912500381469727
748 28.9375
749 29.170000076293945
750 29.19499969482422
751 28.90999984741211
752 28.897499084472656
753 29.122499465942383
754 29.049999237060547
755 29.100000381469727
756 28.857500076293945
757 28.690000534057617
758 28.9375
759 28.952499389648438
760 29.11750030517578
761 29.485000610351562
762 29.575000762939453
763 29.649999618530273
764 29.552499771118164
765 29.702499389648438
766 29.55500030517578
767 29.927499771118164
768 29.842500686645508
769 29.9325008392334
770 29.9424991607666
771 29.875
772 30.06999969482422
773 30.399999618530273
774 30.399999618530273
775 30.165000915527344
776 30.155000686645508
777 31.752500534057617
778 31.94499969482422
779 32.040000915527344
780 32.224998474121094
781 32.61249923706055
782 32.80500030517578
783 32.779998779296875
784 33.01250076293945
785 33.1875
786 33.3125
787 33.654998779296875
788 33.709999084472656
789 33.775001525878906
790 33.994998931884766
791 34.02750015258789
792 34.07500076293945
793 33.81999969482422
794 34.06999969482422
795 34.17499923706055
796 34.400001525878906
797 34.689998626708984
798 34.647499084472656
799 34.650001525878906
800 34.6974983215332
801 34.70500183105469
802 34.26250076293945
803 34.65999984741211
804 34.70500183105469
805 34.709999084472656
806 34.75749969482422
807 35.064998626708984
808 34.97249984741211
809 35.057498931884766
810 34.932498931884766
811 34.939998626708984
812 35.15250015258789
813 35.087501525878906
814 34.654998779296875
815 35.154998779296875
816 35.79750061035156
817 35.875
818 35.752498626708984
819 35.76250076293945
820 35.79249954223633
821 35.95249938964844
822 35.86249923706055
823 35.817501068115234
824 35.724998474121094
825 35.01499938964844
826 35.252498626708984
827 35.26250076293945
828 35.217498779296875
829 35.27750015258789
830 35.11249923706055
831 35.290000915527344
832 35.462501525878906
833 35.79499816894531
834 35.967498779296875
835 35.845001220703125
836 35.82749938964844
837 35.817501068115234
838 36.2400016784668
839 36.709999084472656
840 36.067501068115234
841 36.45249938964844
842 36.689998626708984
843 37.25749969482422
844 38.36249923706055
845 38.02750015258789
846 38.07749938964844
847 38.66749954223633
848 38.76250076293945
849 38.68000030517578
850 37.4275016784668
851 37.782501220703125
852 38.157501220703125
853 38.227500915527344
854 38.32749938964844
855 38.16749954223633
856 38.25749969482422
857 38.32749938964844
858 38.33250045776367
859 38.095001220703125
860 38.05500030517578
861 38.22249984741211
862 38.3650016784668
863 38.44499969482422
864 38.619998931884766
865 38.599998474121094
866 36.505001068115234
867 35.627498626708984
868 36.287498474121094
869 35.959999084472656
870 35.5525016784668
871 35.54999923706055
872 35.915000915527344
873 36.23500061035156
874 36.15250015258789
875 36.279998779296875
876 36.27750015258789
877 36.345001220703125
878 35.904998779296875
879 35.790000915527344
880 35.56999969482422
881 35.94499969482422
882 35.775001525878906
883 35.68000030517578
884 35.602500915527344
885 35.724998474121094
886 35.842498779296875
887 36.095001220703125
888 36.20500183105469
889 36.36000061035156
890 36.83250045776367
891 37.14250183105469
892 37.16749954223633
893 37.48749923706055
894 37.54750061035156
895 37.220001220703125
896 37.474998474121094
897 37.95000076293945
898 38.26499938964844
899 36.82500076293945
900 37.29750061035156
901 37.032501220703125
902 37.102500915527344
903 39.040000915527344
904 38.755001068115234
905 38.92250061035156
906 39.16749954223633
907 39.567501068115234
908 39.77750015258789
909 38.657501220703125
910 39.01750183105469
911 39.6875
912 40.03499984741211
913 40.037498474121094
914 39.459999084472656
915 39.18000030517578
916 38.77750015258789
917 39.505001068115234
918 39.720001220703125
919 39.63750076293945
920 39.817501068115234
921 39.98249816894531
922 40.0
923 40.65250015258789
924 40.869998931884766
925 40.907501220703125
926 40.13999938964844
927 40.130001068115234
928 40.09000015258789
929 39.63249969482422
930 39.97249984741211
931 39.692501068115234
932 39.477500915527344
933 39.522499084472656
934 39.5
935 39.5
936 39.61000061035156
937 38.45750045776367
938 38.1875
939 37.63999938964844
940 37.290000915527344
941 37.92250061035156
942 38.3849983215332
943 38.17499923706055
944 38.0
945 38.18000030517578
946 38.477500915527344
947 38.1150016784668
948 38.51250076293945
949 38.63999938964844
950 38.872501373291016
951 38.775001525878906
952 38.9375
953 38.932498931884766
954 39.102500915527344
955 39.412498474121094
956 39.807498931884766
957 39.900001525878906
958 38.755001068115234
959 38.9900016784668
960 38.875
961 39.04999923706055
962 38.817501068115234
963 39.19499969482422
964 39.67499923706055
965 40.93000030517578
966 41.73500061035156
967 41.40250015258789
968 41.31999969482422
969 42.779998779296875
970 42.93000030517578
971 43.400001525878906
972 43.58250045776367
973 43.28499984741211
974 43.567501068115234
975 43.349998474121094
976 42.79499816894531
977 42.095001220703125
978 42.57500076293945
979 42.40999984741211
980 42.38999938964844
981 42.69499969482422
982 43.26250076293945
983 43.662498474121094
984 43.334999084472656
985 42.96500015258789
986 41.790000915527344
987 42.11000061035156
988 42.125
989 42.407501220703125
990 42.099998474121094
991 41.6150016784668
992 42.227500915527344
993 42.20500183105469
994 42.1974983215332
995 42.8650016784668
996 43.0
997 42.912498474121094
998 43.1150016784668
999 43.71500015258789
1000 43.522499084472656
1001 43.3125
1002 43.525001525878906
1003 43.625
1004 42.41999816894531
1005 42.4275016784668
1006 42.619998931884766
1007 42.30500030517578
1008 42.314998626708984
1009 42.9900016784668
1010 43.02000045776367
1011 43.26250076293945
1012 43.48249816894531
1013 43.352500915527344
1014 43.25
1015 43.622501373291016
1016 43.912498474121094
1017 44.03499984741211
1018 43.76750183105469
1019 44.5625
1020 44.352500915527344
1021 44.150001525878906
1022 44.20500183105469
1023 43.29999923706055
1024 42.63249969482422
1025 42.51499938964844
1026 41.76750183105469
1027 41.17499923706055
1028 41.625
1029 41.689998626708984
1030 40.025001525878906
1031 39.0
1032 38.5
1033 39.76750183105469
1034 38.75749969482422
1035 37.560001373291016
1036 39.377498626708984
1037 40.412498474121094
1038 40.720001220703125
1039 42.25
1040 42.942501068115234
1041 42.85499954223633
1042 42.752498626708984
1043 42.9275016784668
1044 43.3849983215332
1045 44.0525016784668
1046 44.540000915527344
1047 44.51250076293945
1048 43.165000915527344
1049 43.11249923706055
1050 43.630001068115234
1051 44.032501220703125
1052 43.567501068115234
1053 43.76750183105469
1054 44.34749984741211
1055 45.0525016784668
1056 44.810001373291016
1057 44.45249938964844
1058 44.51750183105469
1059 44.404998779296875
1060 43.415000915527344
1061 43.73500061035156
1062 42.814998626708984
1063 42.150001525878906
1064 41.23500061035156
1065 41.61000061035156
1066 41.72999954223633
1067 41.29750061035156
1068 41.724998474121094
1069 41.11750030517578
1070 41.220001220703125
1071 41.192501068115234
1072 43.02000045776367
1073 42.04999923706055
1074 42.462501525878906
1075 42.88249969482422
1076 42.92499923706055
1077 43.2599983215332
1078 43.462501525878906
1079 43.70750045776367
1080 44.102500915527344
1081 44.220001220703125
1082 43.165000915527344
1083 41.35749816894531
1084 41.022499084472656
1085 40.30500030517578
1086 40.602500915527344
1087 40.842498779296875
1088 40.157501220703125
1089 40.459999084472656
1090 41.317501068115234
1091 43.45000076293945
1092 43.61000061035156
1093 44.54249954223633
1094 46.1875
1095 45.91749954223633
1096 46.30500030517578
1097 46.912498474121094
1098 46.86249923706055
1099 46.96500015258789
1100 46.275001525878906
1101 46.5
1102 46.59000015258789
1103 46.532501220703125
1104 46.727500915527344
1105 46.69499969482422
1106 46.439998626708984
1107 46.5525016784668
1108 46.912498474121094
1109 46.717498779296875
1110 46.69499969482422
1111 46.53499984741211
1112 46.9375
1113 47.837501525878906
1114 48.09000015258789
1115 47.97999954223633
1116 48.084999084472656
1117 47.442501068115234
1118 47.5525016784668
1119 47.787498474121094
1120 47.61000061035156
1121 47.55500030517578
1122 47.064998626708984
1123 46.79999923706055
1124 45.86249923706055
1125 46.432498931884766
1126 46.23500061035156
1127 46.17499923706055
1128 45.182498931884766
1129 45.6349983215332
1130 46.00749969482422
1131 45.95000076293945
1132 45.727500915527344
1133 45.85499954223633
1134 45.8849983215332
1135 46.06999969482422
1136 46.29999923706055
1137 47.32500076293945
1138 47.54499816894531
1139 46.90250015258789
1140 47.32749938964844
1141 47.724998474121094
1142 47.60499954223633
1143 47.29999923706055
1144 47.48249816894531
1145 47.42250061035156
1146 47.54249954223633
1147 47.38999938964844
1148 48.01250076293945
1149 48.10749816894531
1150 48.40250015258789
1151 47.525001525878906
1152 47.26750183105469
1153 47.334999084472656
1154 49.32749938964844
1155 50.087501525878906
1156 51.369998931884766
1157 51.76750183105469
1158 51.689998626708984
1159 51.130001068115234
1160 51.79999923706055
1161 51.66749954223633
1162 51.92499923706055
1163 52.064998626708984
1164 52.08250045776367
1165 52.86750030517578
1166 53.290000915527344
1167 53.77750015258789
1168 53.50749969482422
1169 53.459999084472656
1170 53.650001525878906
1171 53.77750015258789
1172 54.08250045776367
1173 54.72999954223633
1174 54.852500915527344
1175 55.599998474121094
1176 56.5
1177 56.657501220703125
1178 56.275001525878906
1179 55.32500076293945
1180 55.1775016784668
1181 54.11750030517578
1182 54.13999938964844
1183 54.959999084472656
1184 55.64250183105469
1185 55.630001068115234
1186 54.317501068115234
1187 54.279998779296875
1188 53.82500076293945
1189 54.787498474121094
1190 54.3224983215332
1191 54.157501220703125
1192 54.92499923706055
1193 54.939998626708984
1194 55.8849983215332
1195 56.005001068115234
1196 56.587501525878906
1197 56.657501220703125
1198 57.44499969482422
1199 56.682498931884766
1200 55.14500045776367
1201 55.04999923706055
1202 55.5625
1203 54.01250076293945
1204 53.08000183105469
1205 54.209999084472656
1206 54.317501068115234
1207 54.189998626708984
1208 54.834999084472656
1209 53.25
1210 54.35749816894531
1211 54.73500061035156
1212 53.67499923706055
1213 53.6349983215332
1214 54.1875
1215 53.16749954223633
1216 51.522499084472656
1217 52.317501068115234
1218 54.154998779296875
1219 54.20249938964844
1220 51.35749816894531
1221 49.54249954223633
1222 50.42250061035156
1223 51.032501220703125
1224 51.6875
1225 50.5625
1226 48.4474983215332
1227 47.86249923706055
1228 46.48249816894531
1229 46.724998474121094
1230 47.3650016784668
1231 46.247501373291016
1232 43.877498626708984
1233 44.13750076293945
1234 43.025001525878906
1235 42.564998626708984
1236 42.720001220703125
1237 43.73249816894531
1238 44.42499923706055
1239 44.25749969482422
1240 45.3025016784668
1241 44.067501068115234
1242 42.60499954223633
1243 42.07500076293945
1244 40.83250045776367
1245 41.75
1246 42.255001068115234
1247 42.38750076293945
1248 41.31999969482422
1249 40.682498931884766
1250 41.09749984741211
1251 39.772499084472656
1252 38.82500076293945
1253 37.407501220703125
1254 36.647499084472656
1255 36.68000030517578
1256 37.51750183105469
1257 38.63750076293945
1258 39.119998931884766
1259 38.557498931884766
1260 35.5
1261 35.95000076293945
1262 36.474998474121094
1263 37.130001068115234
1264 37.407501220703125
1265 37.71500015258789
1266 37.877498626708984
1267 37.30500030517578
1268 37.51250076293945
1269 38.25
1270 38.314998626708984
1271 38.994998931884766
1272 38.154998779296875
1273 37.92499923706055
1274 37.935001373291016
1275 38.58000183105469
1276 38.415000915527344
1277 38.52750015258789
1278 40.057498931884766
1279 41.13999938964844
1280 41.48249816894531
1281 41.81999969482422
1282 43.087501525878906
1283 43.212501525878906
1284 42.584999084472656
1285 42.10499954223633
1286 42.3125
1287 42.42499923706055
1288 42.47999954223633
1289 42.345001220703125
1290 42.4375
1291 42.372501373291016
1292 42.747501373291016
1293 42.57500076293945
1294 42.845001220703125
1295 43.48749923706055
1296 43.29249954223633
1297 43.182498931884766
1298 43.22999954223633
1299 43.22249984741211
1300 43.49250030517578
1301 43.6349983215332
1302 43.48500061035156
1303 43.005001068115234
1304 42.375
1305 43.837501525878906
1306 44.842498779296875
1307 45.22999954223633
1308 45.63999938964844
1309 45.935001373291016
1310 46.4474983215332
1311 46.47999954223633
1312 46.182498931884766
1313 47.45249938964844
1314 47.69499969482422
1315 46.650001525878906
1316 46.14500045776367
1317 46.63750076293945
1318 46.88249969482422
1319 47.1349983215332
1320 47.095001220703125
1321 47.76250076293945
1322 48.287498474121094
1323 48.28499984741211
1324 48.98249816894531
1325 49.084999084472656
1326 49.807498931884766
1327 49.54499816894531
1328 49.61000061035156
1329 49.0525016784668
1330 49.502498626708984
1331 49.63999938964844
1332 49.65250015258789
1333 50.630001068115234
1334 50.584999084472656
1335 50.974998474121094
1336 51.76250076293945
1337 51.279998779296875
1338 50.529998779296875
1339 50.96500015258789
1340 49.77750015258789
1341 52.307498931884766
1342 52.032501220703125
1343 52.557498931884766
1344 50.875
1345 50.20750045776367
1346 50.4375
1347 49.165000915527344
1348 48.192501068115234
1349 45.712501525878906
1350 46.352500915527344
1351 46.505001068115234
1352 47.209999084472656
1353 46.689998626708984
1354 45.06999969482422
1355 46.17499923706055
1356 45.63750076293945
1357 44.45249938964844
1358 44.654998779296875
1359 44.477500915527344
1360 44.0
1361 44.16749954223633
1362 43.747501373291016
1363 42.567501068115234
1364 43.630001068115234
1365 45.28499984741211
1366 45.537498474121094
1367 46.442501068115234
1368 47.904998779296875
1369 48.400001525878906
1370 48.34749984741211
1371 48.400001525878906
1372 47.57500076293945
1373 48.04249954223633
1374 48.8025016784668
1375 49.32749938964844
1376 49.50749969482422
1377 49.537498474121094
1378 49.54249954223633
1379 48.8224983215332
1380 49.337501525878906
1381 49.89250183105469
1382 49.26250076293945
1383 50.162498474121094
1384 50.34000015258789
1385 50.67250061035156
1386 50.724998474121094
1387 49.602500915527344
1388 49.70249938964844
1389 50.38999938964844
1390 50.4275016784668
1391 50.54999923706055
1392 51.0
1393 50.875
1394 50.817501068115234
1395 50.92499923706055
1396 50.59000015258789
1397 50.90250015258789
1398 51.8224983215332
1399 51.79249954223633
1400 51.682498931884766
1401 51.78499984741211
1402 52.11000061035156
1403 51.82749938964844
1404 52.82500076293945
1405 51.685001373291016
1406 50.407501220703125
1407 48.14500045776367
1408 48.5099983215332
1409 48.45500183105469
1410 49.84749984741211
1411 49.8224983215332
1412 49.787498474121094
1413 50.119998931884766
1414 50.647499084472656
1415 49.91749954223633
1416 50.959999084472656
1417 52.50749969482422
1418 52.58000183105469
1419 52.900001525878906
1420 52.6875
1421 50.25
1422 51.26499938964844
1423 50.88249969482422
1424 50.83000183105469
1425 51.665000915527344
1426 51.79999923706055
1427 51.05500030517578
1428 51.83000183105469
1429 52.877498626708984
1430 53.127498626708984
1431 52.76750183105469
1432 52.9275016784668
1433 54.432498931884766
1434 55.71500015258789
1435 54.255001068115234
1436 54.38999938964844
1437 54.779998779296875
1438 54.86000061035156
1439 55.092498779296875
1440 54.36750030517578
1441 54.412498474121094
1442 54.29750061035156
1443 54.28499984741211
1444 54.70750045776367
1445 54.31999969482422
1446 55.1974983215332
1447 56.04999923706055
1448 54.48249816894531
1449 53.782501220703125
1450 55.97249984741211
1451 56.459999084472656
1452 56.08250045776367
1453 56.40999984741211
1454 56.82500076293945
1455 58.07749938964844
1456 58.66749954223633
1457 58.720001220703125
1458 58.29999923706055
1459 58.380001068115234
1460 58.5724983215332
1461 59.33000183105469
1462 59.904998779296875
1463 60.30500030517578
1464 60.45249938964844
1465 60.720001220703125
1466 61.68000030517578
1467 60.64250183105469
1468 60.3025016784668
1469 59.314998626708984
1470 62.290000915527344
1471 63.845001220703125
1472 64.08000183105469
1473 63.842498779296875
1474 64.52749633789062
1475 64.2125015258789
1476 64.56999969482422
1477 65.2300033569336
1478 65.26750183105469
1479 65.5250015258789
1480 65.75250244140625
1481 66.05750274658203
1482 66.34750366210938
1483 65.0999984741211
1484 65.29499816894531
1485 65.20999908447266
1486 65.62999725341797
1487 65.625
1488 66.32749938964844
1489 66.4749984741211
1490 65.86250305175781
1491 64.07250213623047
1492 65.16999816894531
1493 65.68250274658203
1494 66.82499694824219
1495 66.22750091552734
1496 66.46499633789062
1497 67.125
1498 66.83000183105469
1499 67.73249816894531
1500 69.24500274658203
1501 69.69999694824219
1502 69.77999877929688
1503 69.73750305175781
1504 69.63999938964844
1505 70.09249877929688
1506 70.7300033569336
1507 71.17500305175781
1508 72.02999877929688
1509 71.30500030517578
1510 72.37999725341797
1511 73.79750061035156
1512 74.125
1513 73.1875
1514 74.37000274658203
1515 74.29000091552734
1516 76.55000305175781
1517 77.0625
1518 77.7874984741211
1519 78.0425033569336
1520 77.38749694824219
1521 78.02249908447266
1522 78.75
1523 79.0
1524 79.32749938964844
1525 78.9124984741211
1526 79.37999725341797
1527 76.22000122070312
1528 78.04750061035156
1529 80.34500122070312
1530 79.6875
1531 77.07250213623047
1532 75.55500030517578
1533 78.40750122070312
1534 79.73750305175781
1535 80.06500244140625
1536 79.5
1537 78.4625015258789
1538 79.67749786376953
1539 80.36750030517578
1540 80.8375015258789
1541 80.7125015258789
1542 78.65249633789062
1543 80.0
1544 79.55249786376953
1545 77.625
1546 72.30750274658203
1547 71.53250122070312
1548 71.625
1549 68.23999786376953
1550 64.09249877929688
1551 69.43000030517578
1552 71.44999694824219
1553 73.28250122070312
1554 72.85250091552734
1555 70.30750274658203
1556 65.75
1557 67.34249877929688
1558 67.96499633789062
1559 62.0
1560 63.23749923706055
1561 60.0
1562 59.599998474121094
1563 59.279998779296875
1564 60.65250015258789
1565 57.0
1566 53.15250015258789
1567 58.57500076293945
1568 61.07500076293945
1569 61.59000015258789
1570 61.76250076293945
1571 62.349998474121094
1572 63.0
1573 59.782501220703125
1574 59.224998474121094
1575 59.74250030517578
1576 62.345001220703125
1577 64.75
1578 65.30750274658203
1579 66.17500305175781
1580 66.4574966430664
1581 69.51249694824219
1582 70.15750122070312
1583 70.5875015258789
1584 69.21499633789062
1585 69.2125015258789
1586 66.35749816894531
1587 68.05000305175781
1588 68.71749877929688
1589 69.25
1590 69.98750305175781
1591 69.55000305175781
1592 70.97250366210938
1593 72.0875015258789
1594 71.4625015258789
1595 71.58000183105469
1596 73.61499786376953
1597 74.71749877929688
1598 75.49250030517578
1599 76.07250213623047
1600 76.80999755859375
1601 77.72750091552734
1602 75.80249786376953
1603 75.38249969482422
1604 75.05249786376953
1605 77.58000183105469
1606 78.25250244140625
1607 79.12999725341797
1608 78.96749877929688
1609 78.8375015258789
1610 79.125
1611 78.27249908447266
1612 78.90750122070312
1613 79.11750030517578
1614 79.30249786376953
1615 79.73249816894531
1616 80.57499694824219
1617 80.19499969482422
1618 80.80750274658203
1619 81.83000183105469
1620 83.00250244140625
1621 86.52249908447266
1622 83.87000274658203
1623 83.55500030517578
1624 83.1449966430664
1625 86.18000030517578
1626 87.77249908447266
1627 87.30500030517578
1628 86.2874984741211
1629 87.7874984741211
1630 90.56749725341797
1631 89.62999725341797
1632 89.39250183105469
1633 88.25499725341797
1634 87.81999969482422
1635 90.0
1636 90.97750091552734
1637 90.91000366210938
1638 92.46749877929688
1639 93.05750274658203
1640 94.08999633789062
1641 94.67250061035156
1642 94.70500183105469
1643 95.25749969482422
1644 93.87750244140625
1645 96.48999786376953
1646 95.90499877929688
1647 95.83999633789062
1648 96.0625
1649 96.74250030517578
1650 96.60250091552734
1651 92.01000213623047
1652 89.1449966430664
1653 93.4800033569336
1654 93.24749755859375
1655 93.7125015258789
1656 93.76750183105469
1657 100.82499694824219
1658 107.89250183105469
1659 108.38749694824219
1660 108.89749908447266
1661 109.79750061035156
1662 110.2925033569336
1663 110.0
1664 109.10749816894531
1665 110.29750061035156
1666 113.92749786376953
1667 113.04499816894531
1668 113.9625015258789
1669 114.00749969482422
1670 115.61000061035156
1671 115.73249816894531
1672 119.25
1673 123.9375
1674 123.05249786376953
1675 125.0824966430664
1676 123.8324966430664
1677 124.57749938964844
1678 126.0
1679 130.52999877929688
1680 127.0
1681 120.5
1682 110.88999938964844
1683 112.68000030517578
1684 115.26000213623047
1685 112.5
1686 110.0
1687 112.80000305175781
1688 113.61000061035156
1689 112.04000091552734
1690 108.70999908447266
1691 106.08999633789062
1692 103.0999984741211
1693 109.16000366210938
1694 106.7699966430664
1695 105.0
1696 107.66999816894531
1697 112.77999877929688
1698 113.56999969482422
1699 113.62000274658203
1700 115.83000183105469
1701 112.22000122070312
1702 113.55000305175781
1703 112.25
1704 114.12999725341797
1705 114.58999633789062
1706 114.91999816894531
1707 119.27999877929688
1708 119.6500015258789
1709 119.62000274658203
1710 118.1500015258789
1711 118.80999755859375
1712 115.66000366210938
1713 115.62999725341797
1714 116.44999694824219
1715 114.58999633789062
1716 114.27999877929688
1717 112.87999725341797
1718 114.54000091552734
1719 111.0999984741211
1720 112.19999694824219
1721 107.72000122070312
1722 107.31999969482422
1723 108.7300033569336
1724 112.3499984741211
1725 116.87000274658203
1726 116.12999725341797
1727 116.05000305175781
1728 114.12999725341797
1729 116.44000244140625
1730 118.56999969482422
1731 117.87000274658203
1732 118.1500015258789
1733 118.95999908447266
1734 118.0
1735 116.80999755859375
1736 117.29000091552734
1737 113.75
1738 112.58999633789062
1739 115.16999816894531
1740 116.22000122070312
1741 116.80999755859375
1742 120.01000213623047
1743 120.88999938964844
1744 122.20999908447266
1745 121.5199966430664
1746 122.25
1747 123.08999633789062
1748 121.0
1749 120.1500015258789
1750 120.55000305175781
1751 121.54000091552734
1752 124.12999725341797
1753 126.55999755859375
1754 128.0399932861328
1755 126.12000274658203
1756 123.44999694824219
1757 129.64999389648438
1758 130.77999877929688
1759 131.10000610351562
1760 133.50999450683594
1761 134.33999633789062
1762 133.39999389648438
1763 131.72000122070312
1764 126.76000213623047
1765 128.42999267578125
1766 126.37999725341797
1767 127.86000061035156
1768 130.22999572753906
1769 128.5
1770 126.86000061035156
1771 128.49000549316406
1772 128.75999450683594
1773 127.0
1774 126.94000244140625
1775 128.5500030517578
1776 133.58999633789062
1777 135.02000427246094
1778 136.5399932861328
1779 141.3699951171875
1780 140.41000366210938
1781 136.6999969482422
1782 130.2100067138672
1783 130.92999267578125
1784 134.61000061035156
1785 133.61000061035156
1786 134.58999633789062
1787 135.86000061035156
1788 134.9199981689453
1789 135.85000610351562
1790 134.39999389648438
1791 133.77000427246094
1792 133.69000244140625
1793 132.7899932861328
1794 129.47000122070312
1795 127.41000366210938
1796 128.8000030517578
1797 125.5999984741211
1798 118.38999938964844
1799 122.2300033569336
1800 120.54000091552734
1801 121.19999694824219
1802 122.79000091552734
1803 125.01000213623047
1804 121.83999633789062
1805 118.62000274658203
1806 117.56999969482422
1807 116.20999908447266
1808 118.79000091552734
1809 119.44999694824219
1810 121.26000213623047
1811 119.16000366210938
1812 120.41999816894531
1813 124.72000122070312
1814 122.33999633789062
1815 120.31999969482422
1816 119.68000030517578
1817 120.26000213623047
1818 122.13999938964844
1819 120.06999969482422
1820 119.0
1821 118.91999816894531
1822 120.7300033569336
1823 118.86000061035156
1824 121.1500015258789
1825 122.48999786376953
1826 123.06999969482422
1827 125.6500015258789
1828 125.13999938964844
1829 128.52000427246094
1830 129.47000122070312
1831 130.6300048828125
1832 131.92999267578125
1833 131.66000366210938
1834 133.63999938964844
1835 133.27999877929688
1836 133.33999633789062
1837 131.80999755859375
1838 131.3000030517578
1839 131.41000366210938
1840 132.16000366210938
1841 133.55999755859375
1842 134.11000061035156
1843 133.0800018310547
1844 132.4499969482422
1845 131.07000732421875
1846 131.8300018310547
1847 126.69999694824219
1848 127.97000122070312
1849 127.12999725341797
1850 129.47999572753906
1851 126.80999755859375
1852 122.7699966430664
1853 122.25
1854 124.26000213623047
1855 125.8499984741211
1856 125.16999816894531
1857 124.77999877929688
1858 122.86000061035156
1859 125.0999984741211
1860 125.20999908447266
1861 125.94000244140625
1862 126.31999969482422
1863 126.41999816894531
1864 125.08000183105469
1865 124.55000305175781
1866 123.94000244140625
1867 124.05000305175781
1868 123.12999725341797
1869 123.8499984741211
1870 124.83000183105469
1871 126.20999908447266
1872 126.5199966430664
1873 125.94000244140625
1874 126.0999984741211
1875 127.06999969482422
1876 129.38999938964844
1877 128.4600067138672
1878 129.64999389648438
1879 130.24000549316406
1880 129.2100067138672
1881 131.6199951171875
1882 133.22999572753906
1883 132.92999267578125
1884 132.80999755859375
1885 133.35000610351562
1886 134.35000610351562
1887 135.8699951171875
1888 135.75999450683594
1889 137.75
1890 140.07000732421875
1891 142.66000366210938
1892 140.6699981689453
1893 142.64999389648438
1894 144.0
1895 143.6300048828125
1896 147.67999267578125
1897 147.08999633789062
1898 145.8800048828125
1899 141.6699981689453
1900 142.9600067138672
1901 144.6300048828125
1902 145.80999755859375
1903 146.9199981689453
1904 147.6999969482422
1905 145.5500030517578
1906 142.5399932861328
1907 144.5800018310547
1908 144.11000061035156
1909 145.25
1910 145.17999267578125
1911 146.27999877929688
1912 146.1699981689453
1913 145.6300048828125
1914 145.52000427246094
1915 145.3000030517578
1916 145.52999877929688
1917 145.83999633789062
1918 148.27000427246094
1919 146.47000122070312
1920 149.08999633789062
1921 146.14999389648438
1922 144.5
1923 146.77999877929688
1924 147.88999938964844
1925 149.14999389648438
1926 147.8000030517578
1927 147.50999450683594
1928 146.8300018310547
1929 148.61000061035156
1930 151.2899932861328
1931 152.33999633789062
1932 152.39999389648438
1933 153.08999633789062
1934 154.38999938964844
1935 153.97999572753906
1936 153.9499969482422
1937 148.6999969482422
1938 148.75
1939 146.91000366210938
1940 146.3699951171875
1941 147.22000122070312
1942 145.75999450683594
1943 141.27000427246094
1944 142.77999877929688
1945 143.6999969482422
1946 145.63999938964844
1947 145.55999755859375
1948 143.82000732421875
1949 141.69000244140625
1950 142.02999877929688
1951 141.27999877929688
1952 139.11000061035156
1953 138.27000427246094
1954 139.36000061035156
1955 138.3699951171875
1956 142.72000122070312
1957 142.55999755859375
1958 141.80999755859375
1959 141.0399932861328
1960 139.1999969482422
1961 141.50999450683594
1962 143.50999450683594
1963 143.16000366210938
1964 146.5500030517578
1965 148.1199951171875
1966 147.8699951171875
1967 148.63999938964844
1968 147.6199951171875
1969 149.00999450683594
1970 148.49000549316406
1971 149.72000122070312
1972 146.41000366210938
1973 147.8000030517578
1974 148.64999389648438
1975 149.82000732421875
1976 150.63999938964844
1977 150.05999755859375
1978 150.16000366210938
1979 150.05999755859375
1980 147.85000610351562
1981 147.67999267578125
1982 147.47999572753906
1983 149.42999267578125
1984 149.33999633789062
1985 150.99000549316406
1986 153.0500030517578
1987 156.52999877929688
1988 161.0
1989 159.05999755859375
1990 159.63999938964844
1991 156.36000061035156
1992 158.7899932861328
1993 159.9199981689453
1994 164.52999877929688
1995 157.8000030517578
1996 159.72000122070312
1997 164.27999877929688
1998 168.33999633789062
1999 170.6999969482422
2000 173.9199981689453
2001 174.69000244140625
2002 175.52999877929688
2003 172.2100067138672
2004 172.30999755859375
2005 170.75
2006 169.69000244140625
2007 167.4600067138672
2008 169.1199951171875
2009 172.14999389648438
2010 175.27000427246094
2011 177.07000732421875
2012 178.52999877929688
2013 178.13999938964844
2014 178.08999633789062
2015 177.25999450683594
2016 177.7100067138672
2017 179.1199951171875
2018 174.63999938964844
2019 171.63999938964844
2020 171.02999877929688
2021 168.1699981689453
2022 170.82000732421875
2023 174.82000732421875
2024 171.7899932861328
2025 171.08999633789062
2026 169.41000366210938
2027 165.94000244140625
2028 164.17999267578125
2029 162.3000030517578
2030 154.6999969482422
2031 157.02000427246094
2032 157.82000732421875
2033 158.27999877929688
2034 162.8000030517578
2035 169.50999450683594
2036 172.30999755859375
2037 173.3300018310547
2038 172.1199951171875
2039 170.67999267578125
2040 170.9499969482422
2041 171.42999267578125
2042 174.89999389648438
2043 171.5500030517578
2044 168.0399932861328
2045 166.55999755859375
2046 170.25
2047 170.0500030517578
2048 168.47000122070312
2049 166.19000244140625
2050 162.14999389648438
2051 159.75
2052 152.0
2053 160.8699951171875
2054 162.42999267578125
2055 161.97000122070312
2056 162.9499969482422
2057 165.5500030517578
2058 162.10000610351562
2059 159.0399932861328
2060 155.8000030517578
2061 159.41000366210938
2062 155.97999572753906
2063 154.5
2064 150.10000610351562
2065 150.3800048828125
2066 154.4600067138672
2067 157.6300048828125
2068 159.75999450683594
2069 163.00999450683594
2070 164.91000366210938
2071 167.64999389648438
2072 170.2100067138672
2073 172.75
2074 172.0
2075 176.33999633789062
2076 176.6999969482422
2077 174.39999389648438
2078 171.94000244140625
2079 174.44000244140625
2080 174.4199981689453
2081 170.1300048828125
2082 169.85000610351562
2083 169.1999969482422
2084 165.5
2085 166.63999938964844
2086 166.77000427246094
2087 165.0399932861328
2088 163.57000732421875
2089 163.91000366210938
2090 166.10000610351562
2091 165.91000366210938
2092 161.5
2093 158.4600067138672
2094 156.72000122070312
2095 155.3800048828125
2096 158.92999267578125
2097 157.25
2098 153.27000427246094
2099 156.32000732421875
2100 159.25999450683594
2101 154.9499969482422
2102 154.17999267578125
2103 151.49000549316406
2104 152.92999267578125
2105 145.80999755859375
2106 138.8000030517578
2107 143.11000061035156
2108 144.17999267578125
2109 146.67999267578125
2110 139.89999389648438
2111 136.60000610351562
2112 132.61000061035156
2113 137.64999389648438
2114 137.3300018310547
2115 138.33999633789062
2116 137.13999938964844
2117 145.25999450683594
2118 146.83999633789062
2119 147.67999267578125
2120 146.86000061035156
2121 144.4600067138672
2122 144.89999389648438
2123 144.10000610351562
2124 147.4600067138672
2125 142.52999877929688
2126 137.05999755859375
2127 131.44000244140625
2128 131.47999572753906
2129 132.16000366210938
2130 129.0399932861328
2131 129.80999755859375
2132 133.32000732421875
2133 133.91000366210938
2134 135.6300048828125
2135 139.77000427246094
2136 140.97000122070312
2137 137.32000732421875
2138 136.6699981689453
2139 133.77000427246094
2140 135.66000366210938
2141 136.92999267578125
2142 141.0800018310547
2143 143.27999877929688
2144 145.0
2145 143.77999877929688
2146 145.0500030517578
2147 142.1199951171875
2148 143.25
2149 148.1999969482422
2150 146.6999969482422
2151 146.91000366210938
2152 150.3699951171875
2153 151.94000244140625
2154 153.41000366210938
2155 152.27999877929688
2156 150.8000030517578
2157 152.16000366210938
2158 154.41000366210938
2159 159.5
2160 160.88999938964844
2161 159.6300048828125
2162 160.75
2163 164.42999267578125
2164 163.0
2165 164.1999969482422
2166 163.25
2167 166.89999389648438
2168 168.19000244140625
2169 169.39999389648438
2170 171.35000610351562
2171 171.66000366210938
2172 172.57000732421875
2173 173.1199951171875
2174 171.30999755859375
2175 167.13999938964844
2176 166.64999389648438
2177 166.25
2178 168.35000610351562
2179 163.55999755859375
2180 159.82000732421875
2181 157.72000122070312
2182 157.13999938964844
2183 154.6699981689453
2184 154.97000122070312
2185 153.69000244140625
2186 153.61000061035156
2187 152.67999267578125
2188 154.75
2189 159.3000030517578
2190 153.3699951171875
2191 153.61000061035156
2192 151.3800048828125
2193 148.3699951171875
2194 149.10000610351562
2195 153.0800018310547
2196 153.60000610351562
2197 150.91000366210938
2198 148.55999755859375
2199 149.63999938964844
2200 149.9499969482422
2201 144.83999633789062
2202 140.67999267578125
2203 138.0
2204 137.69000244140625
2205 144.25999450683594
2206 143.00999450683594
2207 145.22000122070312
2208 139.4499969482422
2209 138.57000732421875
2210 138.22000122070312
2211 138.16000366210938
2212 134.3699951171875
2213 138.19000244140625
2214 140.27000427246094
2215 140.61000061035156
2216 141.5
2217 142.64999389648438
2218 142.64999389648438
2219 146.0
2220 149.36000061035156
2221 148.0399932861328
2222 144.1300048828125
2223 147.82000732421875
2224 151.9199981689453
2225 149.1300048828125
2226 145.0
2227 138.75
2228 134.3800048828125
2229 135.6699981689453
2230 137.49000549316406
2231 134.58999633789062
2232 139.5
2233 144.3699951171875
2234 147.42999267578125
2235 148.55999755859375
2236 147.2899932861328
2237 146.14999389648438
2238 149.97000122070312
2239 147.72000122070312
2240 146.92999267578125
2241 149.33999633789062
2242 147.1199951171875
2243 143.3800048828125
2244 140.35000610351562
2245 140.5500030517578
2246 146.61000061035156
2247 145.64999389648438
2248 145.77000427246094
2249 141.9199981689453
2250 140.0
2251 141.10000610351562
2252 140.89999389648438
2253 141.05999755859375
2254 144.24000549316406
2255 141.16000366210938
2256 136.02999877929688
2257 133.72999572753906
2258 131.32000732421875
2259 129.88999938964844
2260 132.75
2261 130.3000030517578
2262 129.63999938964844
2263 128.72000122070312
2264 125.87000274658203
2265 127.7300033569336
2266 127.43000030517578
2267 124.16999816894531
2268 125.08000183105469
2269 124.76000213623047
2270 124.88999938964844
2271 129.88999938964844
2272 128.1199951171875
2273 130.4600067138672
2274 131.44000244140625
2275 131.66000366210938
2276 134.1300048828125
2277 135.02999877929688
2278 133.77000427246094
2279 134.22000122070312
2280 137.89999389648438
2281 140.3000030517578
2282 138.80999755859375
2283 141.89999389648438
2284 143.0800018310547
2285 142.85000610351562
2286 142.27999877929688
2287 141.32000732421875
2288 148.1699981689453
2289 147.8300018310547
2290 150.77999877929688
2291 150.63999938964844
2292 151.1699981689453
2293 150.4199981689453
2294 149.22000122070312
2295 150.9199981689453
2296 150.86000061035156
2297 152.8800048828125
2298 153.35000610351562
2299 150.85000610351562
2300 148.41000366210938
2301 147.16000366210938
2302 147.24000549316406
2303 145.72000122070312
2304 147.4499969482422
2305 146.8300018310547
2306 145.00999450683594
2307 143.89999389648438
2308 147.3300018310547
2309 153.4600067138672
2310 151.1300048828125
2311 151.8300018310547
2312 150.22999572753906
2313 147.61000061035156
2314 147.6999969482422
2315 150.10000610351562
2316 149.9199981689453
2317 151.63999938964844
2318 154.27999877929688
2319 154.14999389648438
2320 156.5399932861328
2321 157.80999755859375
2322 157.67999267578125
2323 157.85000610351562
2324 157.8699951171875
2325 155.97999572753906
2326 159.35000610351562
2327 161.27000427246094
2328 161.91000366210938
2329 164.22000122070312
2330 165.11000061035156
2331 161.8000030517578
2332 162.0
2333 160.0800018310547
2334 160.50999450683594
2335 159.77999877929688
2336 161.4199981689453
2337 163.82000732421875
2338 164.02999877929688
2339 165.64999389648438
2340 165.5399932861328
2341 165.55999755859375
2342 164.49000549316406
2343 163.88999938964844
2344 163.72999572753906
2345 162.8000030517578
2346 165.19000244140625
2347 167.8800048828125
2348 168.63999938964844
2349 167.5399932861328
2350 167.16000366210938
2351 164.30999755859375
2352 170.75999450683594
2353 172.11000061035156
2354 171.60000610351562
2355 171.89999389648438
2356 172.1699981689453
2357 171.0
2358 171.47000122070312
2359 171.8000030517578
2360 170.4199981689453
2361 172.5800018310547
2362 174.94000244140625
2363 173.4499969482422
2364 171.27999877929688
2365 170.52000427246094
2366 171.69000244140625
2367 173.11000061035156
2368 176.57000732421875
2369 176.75999450683594
2370 176.92999267578125
2371 179.25999450683594
2372 178.0399932861328
2373 177.42999267578125
2374 177.32000732421875
2375 177.4600067138672
2376 180.6300048828125
2377 180.97000122070312
2378 182.44000244140625
2379 182.02000427246094
2380 183.77999877929688
2381 184.27000427246094
2382 184.41000366210938
2383 182.58999633789062
2384 183.6699981689453
2385 185.00999450683594
2386 185.22999572753906
2387 185.6699981689453
2388 187.60000610351562
2389 188.94000244140625
2390 191.25999450683594
2391 191.75999450683594
2392 190.6199951171875
2393 189.1999969482422
2394 190.24000549316406
2395 187.0399932861328
2396 186.60000610351562
2397 188.47000122070312
2398 189.77999877929688
2399 189.6300048828125
2400 191.80999755859375
2401 192.4199981689453
2402 192.64999389648438
2403 192.5
2404 191.22999572753906
2405 192.25
2406 192.9199981689453
2407 193.32000732421875
2408 192.5500030517578
2409 194.13999938964844
2410 195.25999450683594
2411 195.27999877929688
2412 191.85000610351562
2413 190.69000244140625
2414 181.9199981689453
2415 177.35000610351562
2416 177.5800018310547
2417 177.00999450683594
2418 177.60000610351562
2419 176.5500030517578
2420 177.30999755859375
2421 177.0500030517578
2422 176.5
2423 173.47999572753906
2424 171.9600067138672
2425 173.74000549316406
2426 176.25
2427 178.3300018310547
2428 176.00999450683594
2429 175.82000732421875
2430 178.5500030517578
2431 179.5
2432 184.74000549316406
2433 187.47999572753906
2434 188.27999877929688
2435 187.61000061035156
2436 181.47000122070312
2437 173.5399932861328
2438 177.7899932861328
2439 177.33999633789062
2440 174.82000732421875
2441 173.97999572753906
2442 173.5800018310547
2443 173.82000732421875
2444 176.1699981689453
2445 177.1300048828125
2446 175.39999389648438
2447 173.86000061035156
2448 174.0500030517578
2449 174.14999389648438
2450 171.66000366210938
2451 169.0500030517578
2452 167.6199951171875
2453 170.33999633789062
2454 170.92999267578125
2455 170.82000732421875
2456 170.97000122070312
2457 172.67999267578125
2458 173.17999267578125
2459 175.8000030517578
2460 177.9499969482422
2461 177.60000610351562
2462 179.0399932861328
2463 178.13999938964844
2464 176.50999450683594
2465 174.8000030517578
2466 175.11000061035156
2467 175.19000244140625
2468 172.63999938964844
2469 169.92999267578125
2470 171.4499969482422
2471 170.64999389648438
2472 165.6699981689453
2473 166.8300018310547
2474 168.8699951171875
2475 167.89999389648438
