5088	100
1	109.8
2	112.1
3	110.5
4	115.5
5	120.8
6	132.3
7	132.7
8	135.5
9	126.4
10	128.1
11	122.5
12	121.6
13	119.7
14	107.1
15	93.5
16	90.5
17	87.5
18	85.8
19	99.3
20	114.7
21	127.2
22	132.8
23	125
24	119.7
25	112.4
26	95.1
27	74.2
28	61.1
29	58
30	54.5
31	53.7
32	55.8
33	69.4
34	77.2
35	72
36	69
37	67.3
38	73.2
39	62.7
40	55.5
41	52.1
42	52.5
43	54.5
44	53.4
45	50.5
46	41
47	35
48	31.5
49	32.7
50	29.3
51	27.1
52	27.5
53	28.2
54	27.6
55	30.8
56	33.6
57	32.4
58	33.9
59	33.6
60	34.7
61	34.8
62	33.9
63	33.1
64	34.2
65	34.7
66	36.3
67	36
68	35.2
69	32.3
70	31.2
71	31.1
72	29.1
73	27.4
74	27.6
75	27.7
76	30.1
77	31.2
78	38.2
79	44.4
80	48.2
81	58.6
82	65.3
83	66.6
84	62.3
85	53.1
86	40
87	36.5
88	33.2
89	30.1
90	31.5
91	37.2
92	50.1
93	46.5
94	41.2
95	44.6
96	41.8
97	40.9
98	39.9
99	38.9
100	33.9
101	30.9
102	30.4
103	30.7
104	32.3
105	33
106	37.1
107	36.2
108	32.9
109	34
110	35.1
111	39.7
112	35.6
113	36.2
114	32.8
115	33.7
116	39.3
117	38.3
118	37.3
119	34.6
120	35.2
121	33.5
122	32.5
123	33.1
124	32.6
125	32.3
126	36.8
127	37.5
128	40.7
129	45.8
130	48.3
131	44.9
132	42.1
133	38.8
134	33.4
135	32.3
136	28.9
137	27.9
138	30.4
139	34.2
140	40.6
141	42.8
142	39.3
143	36
144	33.3
145	31.4
146	30.7
147	29
148	28.7
149	37.7
150	56.8
151	63.4
152	82.2
153	64.6
154	60.3
155	55.6
156	53.8
157	51.4
158	47.2
159	41.1
160	47.5
161	53.7
162	62.8
163	80.4
164	97.2
165	106.6
166	83.3
167	64.1
168	52.5
169	46.7
170	46.8
171	40.9
172	37.9
173	40.4
174	44.2
175	48.6
176	47.7
177	47.5
178	47.7
179	45.4
180	40
181	36
182	36.4
183	29.9
184	29.9
185	29.9
186	34.9
187	39.4
188	41.7
189	42.3
190	39.2
191	35.5
192	33.4
193	31.4
194	29.8
195	27.2
196	28.4
197	34.1
198	38.6
199	37.4
200	46.3
201	53.6
202	53.6
203	47.7
204	41.8
205	38.5
206	35.3
207	35.6
208	48.6
209	46.8
210	50.3
211	51.1
212	47.6
213	41
214	39
215	39
216	38
217	38
218	33.4
219	33.4
220	33.3
221	37.9
222	42.2
223	41.2
224	40.3
225	35.9
226	34.7
227	33.3
228	31.6
229	26.8
230	27.4
231	26.7
232	30.8
233	34.9
234	40.4
235	39.7
236	39.3
237	39.1
238	33.5
239	31.7
240	37.3
241	33.9
242	33.1
243	32.4
244	33
245	34.5
246	34.6
247	36.8
248	36.2
249	35.4
250	34.9
251	35.6
252	37.4
253	39
254	42.6
255	43.1
256	43.7
257	39.5
258	39.7
259	38.7
260	30.5
261	29.7
262	26.8
263	22.9
264	29.9
265	27.9
266	23.4
267	22.7
268	23.8
269	25.9
270	24.4
271	25.2
272	28
273	28.5
274	28.2
275	30
276	30.6
277	33.9
278	34.7
279	38.8
280	45.1
281	51
282	60.5
283	65.7
284	73.3
285	76.7
286	74.3
287	73.6
288	68.8
289	68.9
290	77.9
291	86.7
292	96.7
293	87.7
294	84.1
295	83.7
296	83.4
297	86.9
298	84.5
299	83
300	87.9
301	95.1
302	103.5
303	116.1
304	115.3
305	115.5
306	114
307	113.6
308	113
309	112.3
310	108.3
311	154.4
312	201.2
313	191.6
314	189.8
315	209.4
316	196.2
317	180.1
318	161.5
319	152.7
320	152.8
321	171.9
322	178.2
323	198.9
324	201.5
325	210.3
326	214
327	222.1
328	233.9
329	227.2
330	217.9
331	138.1
332	98
333	79
334	72.4
335	63.2
336	60
337	57.5
338	55.7
339	46.8
340	40.8
341	40.8
342	39.9
343	38.9
344	38.9
345	36.8
346	34.5
347	30.5
348	27.7
349	29.8
350	32.9
351	32.9
352	34.1
353	38.5
354	37.8
355	37.9
356	35.7
357	32.8
358	35.9
359	35.5
360	33.6
361	35.1
362	34.7
363	30.5
364	31.5
365	31.4
366	38
367	44.3
368	43.1
369	42
370	40
371	36.5
372	35.2
373	34.1
374	38
375	41.2
376	43
377	43.4
378	44.3
379	42.7
380	40
381	38.8
382	34.6
383	31.7
384	26.7
385	42.3
386	34.6
387	29.8
388	25.4
389	24.7
390	26.3
391	29.1
392	33
393	40.5
394	42.7
395	42.3
396	46.1
397	47.5
398	50.3
399	55.6
400	61.3
401	62.6
402	61.8
403	62.6
404	60.5
405	60.3
406	67.9
407	65.9
408	73.1
409	71
410	67.5
411	59
412	48.6
413	43.3
414	40.1
415	43
416	46.5
417	46.2
418	53.1
419	58.5
420	62.5
421	66.1
422	67
423	67
424	75
425	89
426	97
427	93
428	84.5
429	89.4
430	87.1
431	82.7
432	57.4
433	41.2
434	33.6
435	28.7
436	26.3
437	26.1
438	27.5
439	28.2
440	30.1
441	28.5
442	25.2
443	25.7
444	26.5
445	25.4
446	27.9
447	30.6
448	32.8
449	34
450	32.5
451	34.3
452	35.4
453	37
454	36.9
455	35.3
456	32.7
457	33.3
458	32.4
459	34.4
460	37.8
461	39.2
462	41.9
463	50
464	52.4
465	51.7
466	51.8
467	52.4
468	52.2
469	50.6
470	52.1
471	56.4
472	71.7
473	86.3
474	89.1
475	97.5
476	91.8
477	87.4
478	83.7
479	82.8
480	83.4
481	81.8
482	78.2
483	74.9
484	71.3
485	70.7
486	73.1
487	76.7
488	90.9
489	107.1
490	137.4
491	141.2
492	143.1
493	145.5
494	156.2
495	154.6
496	155.8
497	145.4
498	133.7
499	119.5
500	96
501	89.5
502	79.7
503	67.3
504	82.6
505	89.3
506	80.6
507	78.3
508	80.1
509	81
510	80.9
511	76.8
512	77.4
513	84.8
514	99.7
515	103.1
516	105.4
517	98.8
518	93.8
519	69.2
520	61.6
521	65.8
522	67.4
523	63.2
524	61.5
525	65.2
526	62.1
527	53.5
528	46.2
529	39.6
530	39.6
531	35.8
532	36.5
533	34.1
534	40.2
535	44.6
536	43.8
537	43.3
538	43.2
539	40.7
540	37.6
541	37.4
542	38.3
543	45.2
544	47.6
545	45.2
546	46.8
547	41
548	35.8
549	34
550	33.1
551	29.8
552	26.9
553	26.9
554	25.9
555	26.9
556	28.4
557	30.2
558	32.1
559	31.7
560	32.1
561	33.8
562	32.8
563	33.2
564	31.8
565	33.5
566	32.7
567	32.6
568	32.5
569	33.3
570	32.5
571	29.3
572	23
573	19.5
574	37.2
575	54.1
576	47
577	42.5
578	40.7
579	38.8
580	34.9
581	30.9
582	29.9
583	26.9
584	22.4
585	19.2
586	15.6
587	15.6
588	16.4
589	17.1
590	16.5
591	16.7
592	16.8
593	15.4
594	18.5
595	14.8
596	14.4
597	13.7
598	13.7
599	13.9
600	13.9
601	13.4
602	13.4
603	15.8
604	18.8
605	21.5
606	19.2
607	18.1
608	18.5
609	19.6
610	19.3
611	19.2
612	20
613	20.4
614	23.6
615	31.7
616	36.8
617	37.9
618	32.9
619	28.9
620	22.9
621	24.9
622	24.9
623	24.5
624	24.7
625	23.3
626	21.6
627	21.3
628	20.6
629	21
630	21.4
631	21.6
632	22
633	22.4
634	22.9
635	25.1
636	23.8
637	23.9
638	25.5
639	31.1
640	36.8
641	37.9
642	36.4
643	35.2
644	33.1
645	30
646	28
647	27.5
648	27.9
649	28.1
650	28
651	29.1
652	30.7
653	31
654	33.4
655	34.9
656	39.2
657	39.1
658	40.9
659	39.7
660	39.1
661	40.1
662	40.6
663	42.1
664	43.7
665	43.1
666	43.8
667	44.5
668	47.9
669	48.8
670	47.4
671	47.9
672	47.8
673	47.4
674	47.6
675	47.5
676	47.2
677	47.2
678	47.8
679	47.8
680	47.4
681	46.9
682	47.8
683	47.8
684	47.3
685	47.3
686	47.7
687	48.9
688	51
689	59.4
690	62.9
691	65.5
692	68.6
693	68.4
694	69
695	69.4
696	71
697	68.5
698	67.7
699	67
700	68.6
701	68.7
702	67.7
703	64.8
704	62.4
705	58
706	51.9
707	51.9
708	50.6
709	49
710	53.1
711	63
712	78.3
713	90.2
714	89.6
715	89.3
716	79.6
717	77.3
718	74.6
719	73.8
720	75.4
721	73.6
722	75.4
723	77.8
724	81
725	83.3
726	82.9
727	82.6
728	77.2
729	65.6
730	51.6
731	51.3
732	56.1
733	53
734	51.5
735	55.7
736	58.3
737	52.6
738	48.3
739	46.8
740	47.5
741	48
742	46.8
743	47.2
744	46.7
745	50.3
746	65.2
747	85
748	90.5
749	96.7
750	102.8
751	109.9
752	109.9
753	112.5
754	109.2
755	110.6
756	108.8
757	110.9
758	114
759	118.8
760	121.7
761	119.9
762	118.6
763	112.7
764	111.2
765	111.4
766	112.1
767	111.8
768	114.9
769	118
770	123.3
771	122.3
772	121.9
773	127.2
774	135.5
775	139.4
776	143.7
777	162.8
778	170.9
779	172.8
780	171.9
781	170.6
782	171.1
783	169.4
784	170.4
785	172.1
786	172.6
787	171.9
788	170.3
789	164.7
790	160
791	148.6
792	128.6
793	103.5
794	95.7
795	95.8
796	98.9
797	102.4
798	102.2
799	101.6
800	104.7
801	98.4
802	95.5
803	95.8
804	90.7
805	62
806	43.5
807	30.2
808	24.1
809	23
810	23
811	16.9
812	12.6
813	14.6
814	18
815	18
816	16.6
817	18.5
818	21.4
819	19.6
820	19.6
821	21.9
822	23.1
823	21.9
824	20
825	18.6
826	18.4
827	17.5
828	18.4
829	17.5
830	19.7
831	20.8
832	21.9
833	21.9
834	20.2
835	19.1
836	18.1
837	16.1
838	16.4
839	16.4
840	14.3
841	12.8
842	14.5
843	13.2
844	18.7
845	20.8
846	23.4
847	21.2
848	21.1
849	18.5
850	17.7
851	20.3
852	23.6
853	32.8
854	35.9
855	35.4
856	35.7
857	39.3
858	41.6
859	41.8
860	39.9
861	42.9
862	45.4
863	47.4
864	53
865	61.5
866	68.8
867	83.4
868	86.2
869	88.6
870	88.3
871	91.6
872	81.3
873	68.1
874	60.4
875	54
876	50
877	48.5
878	48.2
879	50.6
880	53.8
881	58.3
882	57.1
883	57.2
884	55.4
885	54.1
886	52.2
887	51
888	48.1
889	47.8
890	46.9
891	42.3
892	43
893	45.3
894	50.4
895	53.2
896	61.3
897	70.5
898	79.7
899	94.3
900	100.7
901	108.8
902	109.9
903	119.4
904	121.7
905	127.3
906	114.6
907	78.8
908	68.4
909	60.2
910	59.1
911	59
912	51
913	47.9
914	45.9
915	39.9
916	37.4
917	36.2
918	36.1
919	36.5
920	36.2
921	32
922	31
923	32.3
924	27
925	24.9
926	25.9
927	27.6
928	27.3
929	24.5
930	20.5
931	30.2
932	32.1
933	30
934	29.5
935	29.2
936	29.2
937	21.7
938	14.2
939	15.7
940	20
941	17.9
942	21.5
943	21.2
944	17.6
945	17.8
946	20.4
947	21.7
948	20.3
949	20.2
950	22.8
951	28.5
952	33.2
953	35.1
954	47
955	36
956	30
957	26.5
958	27.7
959	30.8
960	28.9
961	31.4
962	31.2
963	31.2
964	40.1
965	55.6
966	50.3
967	51.2
968	51.1
969	53.5
970	59.8
971	66.4
972	72.7
973	77.2
974	74.8
975	74.9
976	75.8
977	80.6
978	76.6
979	73.9
980	73.2
981	72.4
982	71.7
983	68.9
984	69.4
985	70
986	69.4
987	72
988	72.5
989	69.4
990	65.2
991	49.3
992	46.6
993	43.3
994	48.6
995	52.8
996	58.9
997	68.4
998	62.2
999	61.1
1000	65
1001	69
1002	65.5
1003	64.7
1004	56.1
1005	57.8
1006	56.7
1007	56.8
1008	56.8
1009	60.5
1010	71.9
1011	85.2
1012	95.1
1013	98
1014	105.5
1015	109.7
1016	106.8
1017	105.9
1018	105.9
1019	97.9
1020	84.4
1021	68.2
1022	58.6
1023	50.8
1024	45.8
1025	36.9
1026	29.4
1027	25.2
1028	34.1
1029	42.5
1030	52.2
1031	59.6
1032	60.3
1033	67.6
1034	74.8
1035	86.4
1036	106.2
1037	129.1
1038	132
1039	82
1040	57.5
1041	46.7
1042	40.3
1043	35.1
1044	34.5
1045	34.7
1046	32.3
1047	29.1
1048	30
1049	30
1050	30.9
1051	30.6
1052	33.4
1053	39.3
1054	42.2
1055	46.9
1056	45.9
1057	41
1058	36.6
1059	32.2
1060	30.7
1061	32.7
1062	40.3
1063	40.3
1064	37.3
1065	34.3
1066	35.7
1067	42.2
1068	43
1069	52.8
1070	48.2
1071	45.4
1072	53.5
1073	48.2
1074	37.5
1075	34.2
1076	34.2
1077	36
1078	41.7
1079	40.2
1080	41.6
1081	39.8
1082	40.4
1083	44.2
1084	47.8
1085	49.3
1086	48.3
1087	44.7
1088	42.7
1089	41.5
1090	44.4
1091	45.4
1092	50
1093	47.9
1094	47.6
1095	49.5
1096	44.4
1097	41.2
1098	41.5
1099	43.6
1100	35.9
1101	28.4
1102	23.7
1103	22.8
1104	23.4
1105	20.7
1106	19.8
1107	18.9
1108	19.4
1109	18.2
1110	20.6
1111	20.5
1112	22.3
1113	26
1114	32.3
1115	34.1
1116	43.5
1117	42.7
1118	43.4
1119	44.2
1120	58.1
1121	49
1122	41
1123	39
1124	35.5
1125	35.2
1126	37.1
1127	37
1128	36.5
1129	32.7
1130	33.3
1131	32.1
1132	32.8
1133	32.9
1134	33.2
1135	32.6
1136	39.7
1137	44
1138	57.2
1139	61.6
1140	61.8
1141	60.4
1142	63.2
1143	55.6
1144	48.8
1145	45.9
1146	48.9
1147	50.8
1148	62.7
1149	85.5
1150	78.7
1151	76.3
1152	74.1
1153	69
1154	58
1155	51
1156	53.5
1157	55.7
1158	51.3
1159	50.6
1160	56.3
1161	58.6
1162	61.6
1163	65.1
1164	59.6
1165	54
1166	45.8
1167	42.6
1168	41.4
1169	41.6
1170	39.9
1171	44.1
1172	61.1
1173	115.6
1174	133.8
1175	116.9
1176	102.4
1177	93.7
1178	83.8
1179	76.9
1180	77.4
1181	83.2
1182	84.6
1183	86.8
1184	87.4
1185	93.1
1186	101.2
1187	111.9
1188	110.6
1189	104.7
1190	100
1191	101.9
1192	84.2
1193	58.1
1194	47.5
1195	45.2
1196	47.6
1197	55.3
1198	64.1
1199	72
1200	106.5
1201	138.2
1202	160.6
1203	177.3
1204	185.6
1205	185.3
1206	179.6
1207	175.3
1208	173.1
1209	170.6
1210	175.3
1211	177.5
1212	180.4
1213	184.8
1214	187.9
1215	190.4
1216	192
1217	192.1
1218	191.5
1219	189.2
1220	184.6
1221	181
1222	178.6
1223	176.8
1224	177.5
1225	175.6
1226	177.6
1227	178.8
1228	179
1229	179.3
1230	177.4
1231	163.7
1232	157.3
1233	161.5
1234	166.8
1235	171.8
1236	181.5
1237	186.2
1238	182
1239	174.7
1240	164.5
1241	155
1242	145.4
1243	140.3
1244	136.6
1245	130.1
1246	127.6
1247	132
1248	139.4
1249	138.3
1250	142.9
1251	144.9
1252	146.6
1253	145.6
1254	145.6
1255	141.2
1256	134.5
1257	133.3
1258	130.6
1259	132.5
1260	143.8
1261	160.2
1262	168.2
1263	175.5
1264	176.1
1265	170.1
1266	162.2
1267	155.4
1268	162.5
1269	211.4
1270	218.5
1271	204.4
1272	190.8
1273	189.5
1274	196.4
1275	168.4
1276	127.9
1277	107.4
1278	87.2
1279	62.5
1280	51.2
1281	50.6
1282	53.7
1283	54.8
1284	53.9
1285	55.9
1286	60.4
1287	57.2
1288	54.6
1289	53.6
1290	52.1
1291	51.4
1292	52
1293	52.7
1294	61.6
1295	63.2
1296	64.9
1297	58.6
1298	53.9
1299	50.5
1300	50.7
1301	49.2
1302	46.2
1303	45.6
1304	50.3
1305	48.8
1306	50.6
1307	58.7
1308	61.6
1309	52
1310	50.2
1311	48.7
1312	48.4
1313	53.6
1314	54.2
1315	55.4
1316	53.9
1317	53.5
1318	50.1
1319	51
1320	50.7
1321	51.2
1322	52.5
1323	53.7
1324	49.8
1325	48.5
1326	48.3
1327	51.5
1328	49.6
1329	48.6
1330	47.9
1331	47.4
1332	49.4
1333	49.5
1334	48.5
1335	48.5
1336	51.4
1337	56.3
1338	58.6
1339	64.2
1340	67.1
1341	63.4
1342	61
1343	58.5
1344	51.2
1345	51.1
1346	47.3
1347	45.9
1348	49.7
1349	52.3
1350	51.3
1351	45.7
1352	42
1353	40.8
1354	40.5
1355	41.4
1356	44.6
1357	42.5
1358	40.8
1359	37.4
1360	36.4
1361	38.3
1362	39.6
1363	39
1364	37.6
1365	36
1366	39.1
1367	43.9
1368	39.4
1369	36.6
1370	36.7
1371	36.8
1372	36.9
1373	38.4
1374	40.9
1375	41.3
1376	43.5
1377	39.4
1378	33.1
1379	33.1
1380	32.6
1381	30.6
1382	25.5
1383	25.2
1384	26.1
1385	29.5
1386	32.2
1387	36.6
1388	34.7
1389	37.3
1390	37.6
1391	36.8
1392	29.6
1393	29.7
1394	30.9
1395	35.1
1396	35.9
1397	40.6
1398	41.8
1399	41.4
1400	47.7
1401	43.8
1402	41.9
1403	40.4
1404	39.5
1405	38.2
1406	32.3
1407	28.1
1408	29
1409	28.5
1410	29.2
1411	29.6
1412	30.1
1413	32.5
1414	36
1415	36.8
1416	39.7
1417	38
1418	37.6
1419	36.2
1420	39
1421	42.5
1422	51.9
1423	47.9
1424	43.9
1425	41.7
1426	42.7
1427	40.2
1428	36.9
1429	36.9
1430	38.3
1431	36.3
1432	34.2
1433	30
1434	31.8
1435	30.6
1436	33.6
1437	39.7
1438	38.5
1439	43.5
1440	48.4
1441	44.7
1442	40.8
1443	37.4
1444	35.2
1445	35.3
1446	36.5
1447	35.3
1448	33.4
1449	30.6
1450	30.3
1451	29.2
1452	26.5
1453	25.4
1454	24.4
1455	25
1456	24.2
1457	28.4
1458	28.7
1459	29.4
1460	34.8
1461	40.8
1462	40.9
1463	38.9
1464	42.9
1465	36.4
1466	35.2
1467	41.1
1468	40.4
1469	41.4
1470	40.5
1471	41
1472	41.4
1473	28.8
1474	19.9
1475	17.9
1476	17.4
1477	21.7
1478	22.3
1479	20.1
1480	20
1481	23
1482	28
1483	34
1484	34
1485	33.5
1486	27.2
1487	28.1
1488	25.5
1489	18.7
1490	20.3
1491	21.6
1492	23.8
1493	24.9
1494	26.4
1495	29.2
1496	28.6
1497	25.3
1498	27.6
1499	38.8
1500	35.9
1501	35.4
1502	34.7
1503	38.3
1504	39.6
1505	37.8
1506	31.9
1507	22.9
1508	21.9
1509	16.4
1510	16.4
1511	16.8
1512	15.2
1513	15.6
1514	16.8
1515	20.4
1516	23.7
1517	22.8
1518	23.9
1519	22.9
1520	21.9
1521	18.1
1522	22.9
1523	28
1524	38
1525	38
1526	26
1527	20.8
1528	30
1529	23.8
1530	22.3
1531	24.7
1532	29.8
1533	27.9
1534	33.9
1535	31.9
1536	33.9
1537	33.4
1538	34.7
1539	35.3
1540	34.6
1541	37.2
1542	38.2
1543	37.7
1544	36.4
1545	34.7
1546	34.2
1547	38
1548	44.3
1549	51.5
1550	73.4
1551	97.7
1552	163.8
1553	123.4
1554	106.7
1555	99.8
1556	102.4
1557	102.7
1558	104.8
1559	97.9
1560	80.9
1561	74.9
1562	69.9
1563	64.4
1564	60.7
1565	57.1
1566	54
1567	56.5
1568	56.7
1569	54.8
1570	52.7
1571	52.5
1572	50.5
1573	49.3
1574	46.5
1575	41
1576	39.3
1577	37.5
1578	36.9
1579	36.6
1580	32.9
1581	34.4
1582	36.3
1583	36.1
1584	37.5
1585	49.5
1586	50.7
1587	60.9
1588	57.9
1589	62.4
1590	72.2
1591	77.1
1592	70.5
1593	60.2
1594	59.6
1595	57.8
1596	56.3
1597	53.8
1598	53.1
1599	52.6
1600	51.6
1601	49.5
1602	50.1
1603	49.9
1604	49.5
1605	47.7
1606	49.1
1607	50.3
1608	53.6
1609	55.7
1610	56.4
1611	62.1
1612	69.6
1613	74.5
1614	74.7
1615	69
1616	68.1
1617	62.7
1618	59.6
1619	59.7
1620	58.4
1621	58.2
1622	63.1
1623	66.5
1624	77.1
1625	85.7
1626	90.5
1627	96.5
1628	99.8
1629	108.4
1630	109.7
1631	101.8
1632	91.4
1633	89.8
1634	84.7
1635	89.9
1636	101.9
1637	125.4
1638	154.2
1639	136.6
1640	122.3
1641	121.6
1642	117.8
1643	96.4
1644	76.7
1645	78.3
1646	80.1
1647	71.5
1648	72.2
1649	62.1
1650	52.5
1651	47.7
1652	47.7
1653	42.1
1654	36.4
1655	35
1656	33.9
1657	35
1658	40.8
1659	48.8
1660	64.7
1661	76.3
1662	83.2
1663	78.5
1664	67.7
1665	58.4
1666	49.7
1667	46.8
1668	44.4
1669	44.4
1670	40.1
1671	50.3
1672	53.3
1673	61.4
1674	75.4
1675	79.2
1676	85.6
1677	79.8
1678	74.9
1679	63.4
1680	63.2
1681	67.1
1682	64
1683	64.4
1684	62.5
1685	63.1
1686	61.3
1687	61.1
1688	59.9
1689	58.1
1690	51.2
1691	44.4
1692	40.7
1693	37.5
1694	38.6
1695	38.3
1696	40.5
1697	47.3
1698	49.4
1699	48.7
1700	48
1701	45.6
1702	42.6
1703	43.9
1704	43.9
1705	54.7
1706	67.9
1707	78.1
1708	81.1
1709	71.4
1710	64.6
1711	58.8
1712	57.4
1713	53.1
1714	50.9
1715	46.2
1716	45.1
1717	43.5
1718	41.7
1719	44.8
1720	59.5
1721	78.7
1722	95.3
1723	108.6
1724	101.3
1725	95.1
1726	90.5
1727	84.8
1728	71.9
1729	61.4
1730	48.2
1731	40.6
1732	34.7
1733	34.8
1734	32.4
1735	34.2
1736	36
1737	39.5
1738	40.7
1739	38.8
1740	43.6
1741	49.9
1742	48.9
1743	42.2
1744	37.5
1745	38.7
1746	40.2
1747	40.5
1748	43.3
1749	42.7
1750	48
1751	49.7
1752	55.9
1753	59.5
1754	58.2
1755	61.1
1756	58
1757	58
1758	60.2
1759	61.4
1760	60.6
1761	60.4
1762	62.4
1763	61.2
1764	60.7
1765	60.3
1766	59.2
1767	61.2
1768	60.4
1769	61.8
1770	63.4
1771	65.3
1772	68.4
1773	70.2
1774	70.2
1775	71
1776	69.7
1777	70.1
1778	77.5
1779	92.3
1780	90.6
1781	97.5
1782	105.6
1783	116.7
1784	125.7
1785	134.8
1786	135.4
1787	129.7
1788	119.8
1789	125.8
1790	127.3
1791	130.1
1792	119.1
1793	101.5
1794	99.1
1795	98.1
1796	94.6
1797	91.2
1798	83.4
1799	85.4
1800	104.3
1801	113.5
1802	122.6
1803	133.6
1804	136.2
1805	133.7
1806	129
1807	125.2
1808	124.1
1809	125
1810	118.6
1811	92.7
1812	74.8
1813	67.4
1814	57.7
1815	47.8
1816	40.9
1817	40.4
1818	42.7
1819	51.8
1820	61.9
1821	78.4
1822	74.2
1823	69.1
1824	67.5
1825	51.2
1826	46.6
1827	40.3
1828	42.1
1829	47
1830	44.5
1831	36.7
1832	40.3
1833	50.1
1834	67
1835	40.5
1836	37.7
1837	41.8
1838	34.9
1839	29.9
1840	25.4
1841	23.7
1842	23.3
1843	26.1
1844	26
1845	25.5
1846	25.7
1847	24.8
1848	26.9
1849	26.9
1850	29.4
1851	33
1852	31.2
1853	32.6
1854	34.5
1855	32.5
1856	30.8
1857	30.1
1858	30.1
1859	27.8
1860	22.9
1861	23.9
1862	22.4
1863	22.2
1864	22.6
1865	24.8
1866	24.5
1867	23.2
1868	21.6
1869	21.7
1870	21.6
1871	22.6
1872	23.9
1873	26.9
1874	32.3
1875	37.2
1876	38.6
1877	40.8
1878	43.9
1879	43.4
1880	42.2
1881	40.1
1882	40.6
1883	46.6
1884	47.5
1885	51.5
1886	81.8
1887	88.4
1888	87.7
1889	89.3
1890	72.1
1891	70.5
1892	71.3
1893	75.6
1894	65.8
1895	63.9
1896	60.4
1897	57.2
1898	59.8
1899	63.6
1900	58.1
1901	55.9
1902	57
1903	57.3
1904	58.6
1905	58.5
1906	57.8
1907	57.8
1908	59.2
1909	60.8
1910	60.5
1911	77.5
1912	81
1913	78.5
1914	68.5
1915	55.1
1916	50
1917	49
1918	49.5
1919	56.7
1920	53.8
1921	60.4
1922	56.2
1923	57
1924	56.1
1925	54.2
1926	51.2
1927	42
1928	37.4
1929	38.7
1930	38.3
1931	34.1
1932	33
1933	37.9
1934	42.3
1935	44.2
1936	45.9
1937	50.3
1938	47.8
1939	47
1940	47
1941	51.1
1942	48.7
1943	42.8
1944	40.7
1945	41.9
1946	45.3
1947	52.8
1948	48.5
1949	41.2
1950	39.2
1951	34.4
1952	32.7
1953	34.8
1954	29.9
1955	28.9
1956	32.4
1957	35.2
1958	40.6
1959	45.8
1960	46.9
1961	53.4
1962	58.2
1963	55.1
1964	56.5
1965	56.7
1966	51.3
1967	46
1968	45.1
1969	47.8
1970	49.9
1971	46.3
1972	67.8
1973	59.9
1974	52.9
1975	41.4
1976	36.2
1977	32.6
1978	32.3
1979	33.1
1980	32
1981	32.5
1982	32.7
1983	35.3
1984	35.9
1985	33.8
1986	33.2
1987	33.2
1988	32.4
1989	31.6
1990	28.9
1991	28.2
1992	33.6
1993	27.8
1994	34.4
1995	35.2
1996	36.6
1997	36.3
1998	35.6
1999	32.3
2000	29.6
2001	30.3
2002	31.1
2003	31.1
2004	34.3
2005	35.7
2006	33.8
2007	31.8
2008	29.7
2009	25
2010	25.5
2011	26.6
2012	29.5
2013	27.9
2014	26.5
2015	29
2016	29.5
2017	30.5
2018	34.1
2019	30.9
2020	30
2021	28.4
2022	26.1
2023	22.8
2024	20.8
2025	22.9
2026	20.9
2027	20.9
2028	24.4
2029	24.2
2030	25.5
2031	29.6
2032	31.5
2033	33.2
2034	32.6
2035	31.9
2036	31
2037	32.8
2038	35.1
2039	35.1
2040	40.6
2041	39.1
2042	41.4
2043	40.2
2044	38.4
2045	34.8
2046	32
2047	26.3
2048	26.1
2049	27
2050	26.5
2051	24.7
2052	27.3
2053	29.6
2054	31.2
2055	32.3
2056	33.8
2057	34.3
2058	34.9
2059	35.2
2060	36.4
2061	39.6
2062	43.4
2063	44.2
2064	45.6
2065	49.5
2066	48.8
2067	47.8
2068	45.3
2069	43.5
2070	40.3
2071	39.1
2072	35.1
2073	34.6
2074	37.8
2075	41.4
2076	39.4
2077	35.8
2078	37.4
2079	37.5
2080	33.8
2081	28.7
2082	29.8
2083	28.4
2084	25.6
2085	26.8
2086	32.4
2087	35.2
2088	42.1
2089	45.5
2090	47.7
2091	45.8
2092	41.4
2093	36.7
2094	33.3
2095	34.1
2096	33.8
2097	31.9
2098	32.7
2099	33.7
2100	35
2101	36.7
2102	36.4
2103	36.2
2104	37.3
2105	38.5
2106	38.7
2107	38.2
2108	34.4
2109	31.8
2110	31.2
2111	31.1
2112	30.3
2113	30.3
2114	30.1
2115	32.5
2116	33
2117	32.5
2118	32.5
2119	30.9
2120	30.7
2121	31.1
2122	30.3
2123	28.9
2124	24.4
2125	25.5
2126	26.2
2127	24.8
2128	20.9
2129	20.4
2130	20.7
2131	21.3
2132	22.1
2133	22.4
2134	24.6
2135	25.5
2136	30
2137	31.5
2138	33.7
2139	34.8
2140	34.7
2141	34.7
2142	64.4
2143	47.2
2144	69.6
2145	116.8
2146	121.4
2147	74.7
2148	55.3
2149	41.1
2150	35
2151	27
2152	22.5
2153	21.2
2154	21.6
2155	19.3
2156	18.1
2157	17
2158	17
2159	19
2160	21.1
2161	22.4
2162	26.6
2163	31.9
2164	31.9
2165	34.4
2166	56.2
2167	69.6
2168	51.3
2169	41.6
2170	35.8
2171	32.4
2172	30.7
2173	27.8
2174	25.9
2175	23.9
2176	28.4
2177	30.2
2178	34.6
2179	35.6
2180	38.8
2181	43.5
2182	49.2
2183	52.1
2184	60
2185	60
2186	60
2187	63.5
2188	69.7
2189	67.3
2190	77.6
2191	68.3
2192	60.1
2193	53.1
2194	50.6
2195	46.1
2196	48
2197	51.5
2198	42.7
2199	38.8
2200	36.4
2201	31.2
2202	29
2203	24.5
2204	24.7
2205	29.3
2206	39.6
2207	60.3
2208	75.1
2209	76.5
2210	72.3
2211	67.6
2212	68.3
2213	69.1
2214	72.5
2215	78.8
2216	101.9
2217	145.4
2218	115.2
2219	94.1
2220	78.5
2221	67.2
2222	56.1
2223	48
2224	46
2225	46.5
2226	47.2
2227	44.6
2228	41.2
2229	35.6
2230	37.3
2231	33.1
2232	30.5
2233	26.2
2234	25.1
2235	24
2236	23.5
2237	29.7
2238	79.8
2239	68.4
2240	77.7
2241	49.3
2242	40.6
2243	40.6
2244	32.8
2245	26.6
2246	22.5
2247	17.6
2248	19.8
2249	18.4
2250	17.1
2251	16.5
2252	18.2
2253	18.1
2254	18
2255	17.5
2256	18.5
2257	18.7
2258	18.4
2259	18.5
2260	19.9
2261	19.6
2262	19.6
2263	20.4
2264	22.9
2265	21.8
2266	21.1
2267	16.3
2268	18.7
2269	19.3
2270	16.1
2271	20
2272	20
2273	15.3
2274	14.5
2275	14.5
2276	11.3
2277	10.5
2278	13.4
2279	17.3
2280	19.7
2281	20.3
2282	21.1
2283	22.5
2284	24.8
2285	26.4
2286	26.2
2287	27.1
2288	23
2289	21.5
2290	24.9
2291	25.7
2292	25
2293	25.8
2294	24.7
2295	22
2296	25.2
2297	26.3
2298	27
2299	26.5
2300	27.5
2301	26.5
2302	27.1
2303	28.2
2304	29.9
2305	33.6
2306	38.3
2307	38.3
2308	43.9
2309	41.5
2310	48.7
2311	71.3
2312	72.7
2313	56.3
2314	54.6
2315	64.3
2316	75.6
2317	62.3
2318	52.6
2319	48.3
2320	48.3
2321	50.9
2322	53.5
2323	48.2
2324	48.1
2325	47
2326	47
2327	49.2
2328	85.8
2329	75.9
2330	77.9
2331	88.9
2332	92.9
2333	93.5
2334	89.7
2335	83.8
2336	81.9
2337	78.4
2338	78.4
2339	79
2340	85.5
2341	87.4
2342	84.8
2343	74.7
2344	66.6
2345	64.7
2346	61.9
2347	62.3
2348	60.9
2349	61.7
2350	61.8
2351	64.7
2352	73.1
2353	77.4
2354	79
2355	79
2356	80.2
2357	82.5
2358	82.3
2359	82.9
2360	83.7
2361	86.3
2362	86
2363	86.4
2364	86.8
2365	87
2366	86.2
2367	82.8
2368	78.5
2369	71.4
2370	65.1
2371	65.4
2372	64.8
2373	64.5
2374	66.9
2375	70.5
2376	77.1
2377	96.6
2378	99.2
2379	84.7
2380	68.8
2381	65.9
2382	59.4
2383	55.7
2384	56.3
2385	58.1
2386	59
2387	62
2388	62.5
2389	63.2
2390	64.3
2391	66.5
2392	66.2
2393	64.7
2394	60.2
2395	52.3
2396	48.5
2397	47.5
2398	46.5
2399	47.4
2400	48
2401	48
2402	48
2403	46.6
2404	45.5
2405	45.2
2406	38.4
2407	37.5
2408	35.7
2409	36.6
2410	39.8
2411	42.6
2412	43.8
2413	45.8
2414	49.8
2415	52.2
2416	52.5
2417	55.3
2418	53.1
2419	49.2
2420	55.3
2421	54.6
2422	54.5
2423	53.1
2424	52.7
2425	58.1
2426	55.2
2427	46.8
2428	44.6
2429	43.4
2430	43.6
2431	43.8
2432	44.3
2433	48.7
2434	40.5
2435	31.2
2436	27.6
2437	26.3
2438	25.1
2439	23
2440	24.5
2441	25.7
2442	22.8
2443	22.9
2444	22.4
2445	22
2446	22.3
2447	22.7
2448	25.6
2449	26.5
2450	27.4
2451	27.9
2452	27.6
2453	31.4
2454	37.4
2455	39.7
2456	41.3
2457	40.6
2458	43.7
2459	41.8
2460	41
2461	38.4
2462	36.5
2463	35
2464	32.3
2465	29.8
2466	27.3
2467	28.1
2468	26.6
2469	26.8
2470	30
2471	31.9
2472	34.9
2473	39.2
2474	40
2475	42.8
2476	47.1
2477	49.5
2478	48.7
2479	47.3
2480	50.1
2481	58.8
2482	59.3
2483	57
2484	55.7
2485	55.4
2486	53.3
2487	50.4
2488	42
2489	36.8
2490	34.9
2491	34.4
2492	36.2
2493	39.8
2494	38.4
2495	43.7
2496	45.9
2497	49.1
2498	48.2
2499	56.3
2500	57.1
2501	57
2502	61.9
2503	69.5
2504	84.7
2505	93.3
2506	87.2
2507	82.6
2508	88.3
2509	78.6
2510	73.1
2511	70.4
2512	56.2
2513	47.1
2514	42
2515	43
2516	52.5
2517	56.2
2518	61.1
2519	58.5
2520	57.2
2521	56.2
2522	58.8
2523	57.1
2524	52.6
2525	52.8
2526	52
2527	53.8
2528	53.8
2529	55.3
2530	56.5
2531	57.1
2532	58.3
2533	61.4
2534	60.3
2535	59
2536	59.1
2537	61.3
2538	61.2
2539	61
2540	60.1
2541	55.2
2542	49.6
2543	48.6
2544	48
2545	47.6
2546	47.7
2547	47.4
2548	45.7
2549	40.2
2550	39.3
2551	37.9
2552	34.3
2553	32.6
2554	32.7
2555	31.6
2556	30.9
2557	30.9
2558	32.1
2559	31
2560	29.4
2561	28.9
2562	29.4
2563	30.2
2564	32.3
2565	31
2566	30.7
2567	33.9
2568	38.3
2569	38.2
2570	36.5
2571	33.8
2572	35.1
2573	30
2574	30.4
2575	28.4
2576	29.1
2577	29.9
2578	31.8
2579	33.7
2580	35.4
2581	37.9
2582	38.3
2583	45.4
2584	45.2
2585	41.1
2586	38
2587	38.6
2588	43.7
2589	44.7
2590	43.3
2591	41.4
2592	39.9
2593	40.2
2594	40.8
2595	40.6
2596	38.5
2597	38.4
2598	39.7
2599	38.9
2600	38.9
2601	38
2602	37.5
2603	33.8
2604	31.7
2605	32.1
2606	39.7
2607	48.8
2608	56.4
2609	60.7
2610	58.3
2611	54.6
2612	54.3
2613	52.1
2614	48.5
2615	46.2
2616	44.2
2617	40.8
2618	40.4
2619	37.2
2620	35
2621	30.9
2622	27.4
2623	26.2
2624	28.6
2625	29.2
2626	26.2
2627	28
2628	30.5
2629	30.7
2630	29.8
2631	29.5
2632	29.5
2633	35.4
2634	37.7
2635	38.7
2636	38.8
2637	37.6
2638	37.2
2639	37.4
2640	37.3
2641	38.5
2642	40
2643	40.1
2644	40.9
2645	40.7
2646	41.2
2647	39.7
2648	36.3
2649	36.2
2650	36.2
2651	31.2
2652	33.4
2653	37.4
2654	43.7
2655	51.3
2656	51.6
2657	55.3
2658	60.6
2659	56.3
2660	57.6
2661	52.8
2662	47.9
2663	44.6
2664	45.4
2665	38.2
2666	35.1
2667	33.5
2668	29.2
2669	29.1
2670	31.5
2671	30.2
2672	34.9
2673	45
2674	47.5
2675	41.2
2676	41.1
2677	36.5
2678	32.7
2679	29.3
2680	30.6
2681	26.3
2682	27.1
2683	28.5
2684	26.7
2685	22.8
2686	23.4
2687	28.7
2688	29.8
2689	27.7
2690	28.2
2691	29
2692	30.7
2693	46
2694	33.5
2695	26.2
2696	25.1
2697	29.5
2698	27.2
2699	25.6
2700	25.8
2701	23.4
2702	18.2
2703	18.6
2704	20.2
2705	21.6
2706	18.8
2707	18.8
2708	21.6
2709	24.1
2710	21.3
2711	20.1
2712	18.5
2713	21.2
2714	22.1
2715	23.2
2716	24.8
2717	24.9
2718	24.8
2719	18.5
2720	28.2
2721	35.1
2722	28.5
2723	27.7
2724	32.3
2725	29.6
2726	28.3
2727	28.6
2728	29.3
2729	29.1
2730	29.5
2731	26.9
2732	25.5
2733	27.5
2734	28.4
2735	29.7
2736	32.8
2737	32.8
2738	31.9
2739	34.1
2740	35.3
2741	35.5
2742	35.7
2743	35.8
2744	38
2745	38.6
2746	37.5
2747	35.6
2748	34.9
2749	33.3
2750	33.8
2751	32.9
2752	30.5
2753	29.5
2754	31.5
2755	30.9
2756	34.9
2757	34.9
2758	36.3
2759	36.6
2760	37.9
2761	39.1
2762	41.2
2763	43.3
2764	44.8
2765	42.8
2766	40.3
2767	41.7
2768	39.9
2769	39.6
2770	38
2771	36.8
2772	36.3
2773	34.6
2774	34.7
2775	35.7
2776	36.8
2777	35.7
2778	34.3
2779	32.3
2780	32.2
2781	31.5
2782	31.3
2783	31.5
2784	32.5
2785	35.7
2786	35.1
2787	34.4
2788	34.9
2789	33.2
2790	31.5
2791	32.6
2792	31.7
2793	32.8
2794	34.6
2795	35.7
2796	38.8
2797	38.5
2798	43.2
2799	38.8
2800	36.3
2801	34
2802	31.4
2803	30.4
2804	30.2
2805	30.5
2806	31.1
2807	30.6
2808	34.6
2809	46.6
2810	57.3
2811	64.6
2812	61.8
2813	64.4
2814	72.7
2815	74.8
2816	79.9
2817	84.9
2818	136.5
2819	130.7
2820	115.3
2821	109.7
2822	104.3
2823	94.1
2824	84.5
2825	73.2
2826	65.1
2827	62
2828	50.5
2829	46.7
2830	49.8
2831	54.9
2832	60.9
2833	63.9
2834	60.4
2835	60.2
2836	66.1
2837	79.8
2838	79.9
2839	75.4
2840	71.7
2841	73.4
2842	79.8
2843	91.9
2844	122.1
2845	128.1
2846	104.5
2847	96.2
2848	91.1
2849	81.5
2850	80.2
2851	74.1
2852	66
2853	59.5
2854	51.7
2855	49.8
2856	53.9
2857	51.9
2858	49.9
2859	48.5
2860	44.9
2861	47.3
2862	45.6
2863	44.7
2864	45
2865	44.7
2866	45
2867	42.5
2868	40.9
2869	41.2
2870	41.9
2871	44.2
2872	49.3
2873	52.2
2874	52.5
2875	51.9
2876	51.2
2877	49.6
2878	47.2
2879	45.3
2880	46.4
2881	46.5
2882	45.6
2883	46.2
2884	45.8
2885	45.4
2886	45.1
2887	42.2
2888	42
2889	40.4
2890	39.8
2891	39
2892	37.7
2893	37.7
2894	38.9
2895	39
2896	38.3
2897	36.8
2898	35.1
2899	39.2
2900	38.7
2901	36
2902	32.4
2903	31.8
2904	34
2905	32.7
2906	34.5
2907	37.2
2908	42.3
2909	44.7
2910	48.3
2911	53.4
2912	51.7
2913	48.8
2914	49.4
2915	53.4
2916	58.3
2917	59.1
2918	55.7
2919	53.4
2920	50.4
2921	46.7
2922	43.4
2923	42.8
2924	36.4
2925	38.2
2926	33.6
2927	30.7
2928	29.3
2929	30.3
2930	29.8
2931	30
2932	27.9
2933	26.1
2934	26
2935	26.1
2936	24.1
2937	24.1
2938	24.9
2939	24.3
2940	23.9
2941	24.2
2942	25.2
2943	35
2944	40
2945	44
2946	46.5
2947	46.2
2948	46.1
2949	45.5
2950	44.2
2951	45.6
2952	46.7
2953	43.7
2954	40.5
2955	39.3
2956	35.9
2957	30.5
2958	28.5
2959	29.2
2960	30
2961	29
2962	31.3
2963	32.5
2964	36.5
2965	37.4
2966	37.6
2967	37.6
2968	41.1
2969	41
2970	38.4
2971	37.9
2972	38.7
2973	41.2
2974	42
2975	41.9
2976	41.1
2977	40.6
2978	38.7
2979	35.7
2980	34.7
2981	35.8
2982	35.5
2983	34.6
2984	35.4
2985	38
2986	37.9
2987	42.1
2988	43.7
2989	40.7
2990	44
2991	43.8
2992	46
2993	48.9
2994	48.9
2995	47.1
2996	46.1
2997	45.4
2998	45.6
2999	58.6
3000	54.3
3001	48.8
3002	39.5
3003	36.2
3004	33.6
3005	31.3
3006	28.6
3007	27.8
3008	25.9
3009	24.4
3010	25.2
3011	23.1
3012	26
3013	28
3014	32.1
3015	39.5
3016	42.7
3017	43.3
3018	40.1
3019	39.5
3020	37.8
3021	38.4
3022	38.2
3023	37.8
3024	39.3
3025	38.6
3026	36.8
3027	35.2
3028	34.4
3029	34.2
3030	29.2
3031	29.1
3032	27.3
3033	27.1
3034	24.6
3035	25.7
3036	27.5
3037	30.2
3038	38.2
3039	47.6
3040	53.3
3041	55.1
3042	54.5
3043	55.2
3044	54.1
3045	49
3046	44
3047	41.6
3048	41.2
3049	40.6
3050	43.2
3051	42.4
3052	42.6
3053	40.2
3054	38.6
3055	35.8
3056	33.7
3057	33.4
3058	33.6
3059	34.9
3060	34.1
3061	34.1
3062	37.7
3063	39.5
3064	40.3
3065	40.9
3066	42.2
3067	40.8
3068	40.5
3069	40.7
3070	40.8
3071	40.9
3072	41
3073	40.6
3074	36
3075	26.1
3076	23
3077	23
3078	24
3079	28
3080	30.5
3081	31.7
3082	33.8
3083	35.9
3084	36.4
3085	40.7
3086	51.3
3087	64.6
3088	65.8
3089	59.4
3090	58.2
3091	53.1
3092	50.5
3093	48.7
3094	49.3
3095	47.1
3096	46.5
3097	44.3
3098	42.1
3099	43.7
3100	41.9
3101	45.6
3102	45.8
3103	44.7
3104	44.2
3105	44.9
3106	45.8
3107	44.1
3108	46.4
3109	47.4
3110	47.3
3111	46.7
3112	47.5
3113	46.8
3114	43.4
3115	37
3116	37.4
3117	35.1
3118	37.1
3119	36.6
3120	35.6
3121	38.9
3122	37.7
3123	37.8
3124	35.8
3125	33.9
3126	32.6
3127	30.1
3128	29.6
3129	28.6
3130	29.1
3131	31.4
3132	33.5
3133	36.4
3134	38
3135	40.5
3136	40.7
3137	41.2
3138	39.2
3139	36.8
3140	33.4
3141	28.6
3142	24.9
3143	25.4
3144	27.7
3145	27.8
3146	27.9
3147	27.9
3148	28.4
3149	32.4
3150	30.1
3151	28.8
3152	30.5
3153	29
3154	29.8
3155	30.1
3156	29.5
3157	31.4
3158	31.3
3159	30.6
3160	29.1
3161	28.9
3162	29.8
3163	30.7
3164	27.5
3165	28.8
3166	36.9
3167	34.4
3168	29.7
3169	28.3
3170	31.6
3171	32.8
3172	31.9
3173	33.4
3174	35.2
3175	36.1
3176	34.1
3177	34.5
3178	34.2
3179	34.5
3180	34.3
3181	33.5
3182	30.9
3183	30.6
3184	30.4
3185	27.9
3186	29.3
3187	28
3188	27.3
3189	25.7
3190	26.1
3191	21.4
3192	19.5
3193	19.2
3194	19.6
3195	20.2
3196	18.1
3197	18
3198	15.5
3199	18.2
3200	15.6
3201	16.3
3202	17.4
3203	18.7
3204	23.1
3205	32
3206	29.5
3207	25.7
3208	22.3
3209	20.1
3210	20
3211	20
3212	19.3
3213	18.5
3214	20.4
3215	21.7
3216	24.9
3217	25.3
3218	27.4
3219	29.6
3220	28.4
3221	27.3
3222	25.4
3223	25.7
3224	25.3
3225	25.5
3226	28.2
3227	33
3228	34.2
3229	33.3
3230	31.5
3231	32.1
3232	31.2
3233	31.9
3234	36
3235	32.3
3236	30.6
3237	30.2
3238	31.2
3239	30.4
3240	32.7
3241	33.5
3242	31.2
3243	28.5
3244	31.1
3245	30.3
3246	31.2
3247	29.5
3248	30.3
3249	29.5
3250	31.3
3251	33.2
3252	35.4
3253	37.8
3254	39.6
3255	40
3256	40
3257	38.8
3258	38.5
3259	38.4
3260	36.9
3261	37.6
3262	36
3263	35.5
3264	36.1
3265	35.5
3266	34.7
3267	31.8
3268	29.9
3269	25.1
3270	20.7
3271	21.8
3272	18.9
3273	16.4
3274	18.2
3275	20.1
3276	27.5
3277	28.2
3278	29.6
3279	35.3
3280	39.6
3281	28.8
3282	22.4
3283	17.7
3284	18.3
3285	21.1
3286	17.5
3287	15.7
3288	19.8
3289	27.9
3290	28.4
3291	27.7
3292	26.8
3293	22.9
3294	22.9
3295	20.9
3296	44.9
3297	55.5
3298	58.2
3299	45.6
3300	34.8
3301	28.4
3302	27.7
3303	27.3
3304	27.3
3305	29.7
3306	32.1
3307	35.2
3308	35.6
3309	34.3
3310	37.4
3311	42.8
3312	46.4
3313	45.4
3314	42.4
3315	41.6
3316	39
3317	37.9
3318	36.9
3319	33.8
3320	32.3
3321	32.1
3322	32.1
3323	38.3
3324	43.8
3325	49.8
3326	55.4
3327	56.2
3328	57.6
3329	62.3
3330	67.6
3331	68.3
3332	69.1
3333	63
3334	56.2
3335	50.6
3336	47.4
3337	42.2
3338	39.5
3339	36.7
3340	35.3
3341	33.1
3342	32.5
3343	31.2
3344	34
3345	38.1
3346	38
3347	36.9
3348	35.5
3349	35.7
3350	36.8
3351	36.5
3352	36.3
3353	30.4
3354	28.3
3355	25.5
3356	22.7
3357	22.9
3358	22.4
3359	21.7
3360	25.7
3361	31.7
3362	41.4
3363	47.2
3364	49.1
3365	46
3366	43.5
3367	40.2
3368	40.1
3369	40.5
3370	43.2
3371	50.9
3372	51.2
3373	53.7
3374	49.7
3375	39.1
3376	37.5
3377	36.7
3378	35.8
3379	29.9
3380	26.4
3381	26.7
3382	24.3
3383	26.1
3384	30.5
3385	37.2
3386	44.6
3387	49.3
3388	56.6
3389	56.3
3390	53.1
3391	52
3392	48.5
3393	51.7
3394	62.8
3395	64.4
3396	64.9
3397	54.6
3398	42.3
3399	32.1
3400	29
3401	28.5
3402	29.2
3403	25.6
3404	26.3
3405	32.6
3406	38.3
3407	36.6
3408	35.3
3409	40.6
3410	38.8
3411	37.9
3412	34.4
3413	33.2
3414	29.6
3415	26.3
3416	22.1
3417	22
3418	24
3419	29.5
3420	45.2
3421	47.1
3422	68
3423	60
3424	41.5
3425	36.7
3426	39.3
3427	34.6
3428	38.3
3429	43.1
3430	47
3431	51.5
3432	59.7
3433	64.8
3434	56.9
3435	45.9
3436	42.4
3437	40.2
3438	39.1
3439	36
3440	38
3441	64.5
3442	64.2
3443	59.1
3444	52
3445	45
3446	46.5
3447	47.7
3448	52.8
3449	53.9
3450	53.9
3451	49.9
3452	46.9
3453	47.8
3454	48.7
3455	41.9
3456	38
3457	36.3
3458	36.6
3459	31.6
3460	32.8
3461	32.8
3462	28.4
3463	27.7
3464	27.3
3465	25.6
3466	25.6
3467	25
3468	26.8
3469	27.2
3470	29.1
3471	31.1
3472	37
3473	37.4
3474	39.4
3475	37.9
3476	39.3
3477	38.7
3478	45.8
3479	55.9
3480	54.4
3481	51.2
3482	41.6
3483	33.8
3484	29.9
3485	29.4
3486	47.2
3487	96.1
3488	89.5
3489	63.7
3490	39.8
3491	31.4
3492	32.7
3493	27.8
3494	23.9
3495	22.9
3496	21.9
3497	19.9
3498	20.9
3499	18.4
3500	17.2
3501	19.1
3502	22.5
3503	25.2
3504	29.1
3505	27
3506	30.5
3507	29.7
3508	37.3
3509	49.6
3510	36.8
3511	32.4
3512	28.2
3513	26.1
3514	25
3515	26
3516	27.5
3517	27.2
3518	30.6
3519	30.3
3520	27.1
3521	28.6
3522	27.5
3523	28.6
3524	30.2
3525	30.7
3526	32.2
3527	37.4
3528	41.7
3529	46
3530	46.5
3531	52.2
3532	50.6
3533	50.3
3534	50.1
3535	46.4
3536	49.8
3537	88
3538	80
3539	67
3540	68
3541	62.5
3542	63.2
3543	53.6
3544	49.8
3545	48.9
3546	49.4
3547	46.7
3548	45.3
3549	47.6
3550	48.1
3551	49.1
3552	56.3
3553	54.4
3554	51.7
3555	51.4
3556	49.1
3557	41
3558	37.5
3559	36.7
3560	35.8
3561	37.9
3562	37.4
3563	37.4
3564	39.5
3565	38.5
3566	40.1
3567	40.5
3568	38.4
3569	39.6
3570	38.8
3571	38.6
3572	36.3
3573	34.2
3574	31
3575	32.8
3576	35.9
3577	37.4
3578	43.5
3579	44.7
3580	42.5
3581	37.2
3582	36.6
3583	34
3584	30
3585	24.4
3586	22.2
3587	19.1
3588	20.5
3589	24.2
3590	29.1
3591	34
3592	36.5
3593	34.7
3594	29.3
3595	28.1
3596	26.5
3597	26.7
3598	27.9
3599	33.9
3600	48.7
3601	59.3
3602	72.6
3603	67.3
3604	52.6
3605	58.8
3606	47.4
3607	35.7
3608	29.3
3609	24.1
3610	24
3611	26
3612	28
3613	35
3614	46.9
3615	52.9
3616	47
3617	41.4
3618	29.2
3619	24.6
3620	22.8
3621	19.9
3622	20.9
3623	28.4
3624	45.7
3625	55.3
3626	62.6
3627	70.3
3628	60.6
3629	52.3
3630	41.6
3631	34.3
3632	29.1
3633	27.5
3634	29.2
3635	32.1
3636	36.5
3637	35.7
3638	33.8
3639	32.9
3640	33
3641	34.6
3642	31.9
3643	33.3
3644	32.4
3645	31.8
3646	30.4
3647	28.6
3648	28.2
3649	25.9
3650	32.2
3651	38
3652	33.7
3653	31.4
3654	34.1
3655	33.5
3656	37.6
3657	42.4
3658	42.4
3659	46.1
3660	43.7
3661	42.8
3662	41.2
3663	37
3664	31.5
3665	25.9
3666	23.9
3667	22.9
3668	22.4
3669	20.2
3670	21.6
3671	22.3
3672	25.1
3673	34
3674	60
3675	69
3676	81
3677	69
3678	51.5
3679	39.2
3680	39.2
3681	26.4
3682	25
3683	26.6
3684	27.8
3685	30.9
3686	33.4
3687	38.2
3688	39.1
3689	37.5
3690	38.2
3691	37.6
3692	35.8
3693	40.7
3694	41.2
3695	46.2
3696	54
3697	69.5
3698	78.2
3699	75.6
3700	61.3
3701	47.1
3702	34
3703	27
3704	25
3705	22
3706	21.4
3707	23.7
3708	26.3
3709	29.6
3710	31.3
3711	34.1
3712	38.5
3713	37.7
3714	45.8
3715	41.4
3716	34.7
3717	32.8
3718	37.9
3719	50.4
3720	84.7
3721	116.8
3722	120.4
3723	107.2
3724	91.6
3725	72.3
3726	55.1
3727	40.5
3728	28.7
3729	24.3
3730	23.6
3731	25.8
3732	28.9
3733	33.4
3734	40.2
3735	43.6
3736	61.3
3737	72.1
3738	71.5
3739	57.7
3740	44.3
3741	34.1
3742	35.1
3743	34
3744	54
3745	98
3746	124.5
3747	117.2
3748	97.1
3749	79
3750	70.5
3751	57.7
3752	49.3
3753	52.6
3754	43.3
3755	40.1
3756	46.5
3757	45.2
3758	51.1
3759	54.5
3760	51.6
3761	42.1
3762	31.9
3763	25.4
3764	24.7
3765	23.3
3766	23.6
3767	27.8
3768	62.4
3769	149.7
3770	216.8
3771	190.4
3772	165.7
3773	130.3
3774	102.1
3775	78.6
3776	60.3
3777	49.1
3778	39.5
3779	35.2
3780	31.1
3781	31
3782	32.9
3783	30.9
3784	26.9
3785	23.4
3786	20.2
3787	19.1
3788	17.5
3789	17.5
3790	19.1
3791	23
3792	37.9
3793	83.9
3794	129.1
3795	156.8
3796	161.4
3797	157.7
3798	122.8
3799	80.4
3800	53.1
3801	39.5
3802	28.2
3803	24.1
3804	29
3805	28
3806	23.9
3807	19.9
3808	16.9
3809	15.4
3810	13.7
3811	13.3
3812	11.6
3813	11.8
3814	11.4
3815	24.2
3816	48.1
3817	79.5
3818	101.7
3819	112.9
3820	117.9
3821	108.9
3822	84.5
3823	61.7
3824	43.8
3825	33.9
3826	29.4
3827	29.2
3828	33.6
3829	33.2
3830	37.6
3831	37.3
3832	36.1
3833	32.5
3834	30.4
3835	28.9
3836	26.1
3837	22.8
3838	21.4
3839	32.2
3840	51.1
3841	75.5
3842	86.2
3843	94.6
3844	92.3
3845	83.6
3846	79.8
3847	67.4
3848	52.7
3849	41.3
3850	33.6
3851	29.8
3852	30.4
3853	32.6
3854	32.8
3855	30.9
3856	31.4
3857	29.7
3858	25.3
3859	25
3860	26
3861	25.6
3862	26.5
3863	34.3
3864	33.6
3865	28.3
3866	26.6
3867	22.8
3868	21.4
3869	22.2
3870	24.6
3871	18.3
3872	15.6
3873	14.3
3874	22.6
3875	25.3
3876	24.1
3877	24.5
3878	27.2
3879	32.1
3880	33.5
3881	34.7
3882	33.8
3883	33.4
3884	31.7
3885	31.6
3886	30.6
3887	32.6
3888	33.3
3889	49
3890	61
3891	56.5
3892	56.5
3893	31.5
3894	31.2
3895	46.5
3896	53.5
3897	48.1
3898	40.5
3899	32.2
3900	28.1
3901	26.5
3902	27.2
3903	25.6
3904	24.3
3905	26.1
3906	30.5
3907	25.7
3908	27.3
3909	29.5
3910	36
3911	34.5
3912	29.2
3913	25.1
3914	24
3915	20.5
3916	21.7
3917	28.8
3918	39.4
3919	42.7
3920	42.8
3921	32.9
3922	30.9
3923	27.4
3924	26.7
3925	24.3
3926	22.6
3927	27.3
3928	24.1
3929	23
3930	22.5
3931	28.7
3932	29
3933	27
3934	27.8
3935	31.8
3936	34.6
3937	41.6
3938	44.3
3939	43.6
3940	43.3
3941	38.1
3942	31
3943	27
3944	24
3945	23.5
3946	21.7
3947	22.8
3948	28.9
3949	29.4
3950	28.2
3951	65.1
3952	61.5
3953	46.7
3954	49.3
3955	46.6
3956	40.8
3957	28.9
3958	31.4
3959	36.2
3960	34.6
3961	28.3
3962	27.6
3963	28.3
3964	35.1
3965	38
3966	35
3967	27
3968	19.5
3969	15.7
3970	38.3
3971	28.1
3972	28
3973	25
3974	28.5
3975	30.7
3976	31.8
3977	29.9
3978	34.9
3979	37.9
3980	36.9
3981	37.5
3982	34.7
3983	34
3984	35.4
3985	34.9
3986	33
3987	32.3
3988	27.1
3989	26.1
3990	22.4
3991	21.7
3992	19.3
3993	18.1
3994	17.5
3995	19.7
3996	21.3
3997	23.8
3998	25.2
3999	25.4
4000	25.4
4001	25.2
4002	22
4003	19.2
4004	18.2
4005	17.7
4006	22.1
4007	21.6
4008	23
4009	23.9
4010	29.1
4011	29.5
4012	25.2
4013	25.1
4014	22.5
4015	19.7
4016	18.3
4017	17.6
4018	17.6
4019	20.5
4020	19
4021	20.6
4022	27.5
4023	27.2
4024	25.1
4025	22
4026	22
4027	23
4028	20.5
4029	20.8
4030	18.8
4031	25.4
4032	33.2
4033	38.6
4034	35.3
4035	31.1
4036	27
4037	24.5
4038	21.2
4039	19.1
4040	17.5
4041	17.5
4042	17.8
4043	17.9
4044	18.5
4045	20.3
4046	22
4047	24.1
4048	24
4049	25.2
4050	25.5
4051	23.3
4052	21.9
4053	20.6
4054	19.1
4055	20.1
4056	20.4
4057	23.4
4058	23.6
4059	25.9
4060	25.9
4061	25.5
4062	24.5
4063	23.4
4064	21.6
4065	18.9
4066	21.2
4067	19.3
4068	18.2
4069	18.6
4070	19.6
4071	19.3
4072	22.4
4073	24.3
4074	22.5
4075	20.6
4076	20.8
4077	19.4
4078	20.3
4079	20.6
4080	22.9
4081	29.4
4082	35.7
4083	35.3
4084	32.6
4085	28.3
4086	26.6
4087	24.3
4088	21.6
4089	21.3
4090	19.1
4091	17.5
4092	18.2
4093	21.6
4094	23.8
4095	26.5
4096	27.2
4097	26.6
4098	25.8
4099	23.6
4100	24.7
4101	24.8
4102	23.9
4103	25.6
4104	26.2
4105	28.3
4106	30.7
4107	28.8
4108	27.7
4109	26.3
4110	25.8
4111	23.9
4112	23.2
4113	22.7
4114	22
4115	22
4116	21.1
4117	23.5
4118	25.5
4119	26.3
4120	25.5
4121	25.7
4122	26.4
4123	25.6
4124	24.7
4125	27.4
4126	30.8
4127	37.2
4128	42.6
4129	49.8
4130	48.4
4131	41.2
4132	34.1
4133	30.5
4134	25.2
4135	25.6
4136	25.8
4137	29.4
4138	29.7
4139	29.8
4140	28.9
4141	30.9
4142	34.8
4143	32.4
4144	25.7
4145	22.8
4146	19.4
4147	15.2
4148	15.2
4149	17.7
4150	20.2
4151	30.5
4152	36.5
4153	38.3
4154	34.6
4155	30.2
4156	24.6
4157	18.8
4158	21.9
4159	21.9
4160	25.4
4161	27.2
4162	26.6
4163	26.8
4164	31.4
4165	31.2
4166	30.6
4167	27.8
4168	22.8
4169	21.4
4170	19.2
4171	18.1
4172	18
4173	18
4174	25.5
4175	31.7
4176	35.3
4177	28.6
4178	28.6
4179	20.8
4180	26
4181	26.5
4182	26.7
4183	26.3
4184	27.2
4185	27.6
4186	25.7
4187	28.4
4188	25.4
4189	23.8
4190	23.4
4191	21.2
4192	21.5
4193	20
4194	20
4195	20
4196	18.1
4197	16.5
4198	26.8
4199	32.3
4200	25.9
4201	24.9
4202	25.9
4203	25.4
4204	25.7
4205	24.8
4206	24.9
4207	25.4
4208	27.7
4209	31.4
4210	33.5
4211	35.7
4212	32.1
4213	35.8
4214	55.7
4215	57.3
4216	57.6
4217	58.3
4218	66.1
4219	70.5
4220	76.3
4221	79.1
4222	81
4223	89
4224	66
4225	54
4226	46.5
4227	37.2
4228	31.6
4229	26.3
4230	26.1
4231	24.5
4232	26.7
4233	27.8
4234	26.9
4235	26.9
4236	25.4
4237	23.4
4238	20.9
4239	16.5
4240	13.7
4241	14.8
4242	14.8
4243	13.6
4244	19.5
4245	21.9
4246	28.1
4247	31.1
4248	27.5
4249	26.2
4250	25.6
4251	23.3
4252	25.6
4253	22.3
4254	20.1
4255	19.2
4256	20
4257	21.9
4258	23.8
4259	24.2
4260	25.2
4261	25.4
4262	22.8
4263	22.1
4264	22.2
4265	22.7
4266	23.1
4267	23.5
4268	24.2
4269	24.8
4270	28
4271	27.5
4272	29.1
4273	29.9
4274	27.9
4275	26.1
4276	22.9
4277	22.2
4278	22.5
4279	23
4280	20.9
4281	23
4282	23.8
4283	23.5
4284	26.6
4285	27.2
4286	28.8
4287	27.2
4288	26.7
4289	25.9
4290	27.2
4291	26.3
4292	26.1
4293	25.3
4294	27.9
4295	29.6
4296	31.5
4297	31.7
4298	29.7
4299	27.7
4300	27.5
4301	24.7
4302	23.6
4303	22.9
4304	22.9
4305	21.6
4306	21.3
4307	22.9
4308	27.4
4309	27.4
4310	29.5
4311	33.2
4312	30
4313	31.9
4314	29.7
4315	30.7
4316	29.6
4317	29.1
4318	32.4
4319	32.6
4320	32.4
4321	33.2
4322	32.1
4323	31.4
4324	30.6
4325	28.9
4326	28.9
4327	25.3
4328	21.4
4329	24.9
4330	28.7
4331	29.7
4332	32.8
4333	36
4334	35
4335	36.5
4336	37.2
4337	37.1
4338	38.5
4339	35.7
4340	36.1
4341	37.1
4342	36.9
4343	35.9
4344	35.5
4345	34.9
4346	35.3
4347	39.4
4348	39.9
4349	40.6
4350	42.1
4351	40
4352	38
4353	30.4
4354	28.7
4355	26.3
4356	25.6
4357	26.3
4358	29.1
4359	29.4
4360	25.7
4361	23.3
4362	28.1
4363	38.8
4364	33.4
4365	29.7
4366	28.3
4367	24.6
4368	22.8
4369	27.4
4370	27.7
4371	27.3
4372	26.6
4373	30.8
4374	36.9
4375	43.4
4376	49.2
4377	49.1
4378	40
4379	32.5
4380	29.2
4381	26.1
4382	30.5
4383	30.2
4384	29.6
4385	28.3
4386	26.1
4387	24
4388	21
4389	23.5
4390	23.7
4391	27.7
4392	26.9
4393	28.4
4394	26.7
4395	25.1
4396	24.1
4397	21.4
4398	20.3
4399	20.6
4400	22.5
4401	26.6
4402	24.6
4403	26.5
4404	28.9
4405	28.9
4406	28.1
4407	28.4
4408	28.5
4409	25
4410	24.9
4411	25.1
4412	25
4413	26.3
4414	26.5
4415	27
4416	26.5
4417	25.9
4418	25.1
4419	24.3
4420	17
4421	16.5
4422	13.7
4423	13.8
4424	16.4
4425	19.7
4426	21.8
4427	28.9
4428	22.9
4429	23.4
4430	26.2
4431	27.1
4432	28.5
4433	26.2
4434	27.6
4435	27.8
4436	22.9
4437	23.9
4438	32.4
4439	34.2
4440	27.1
4441	22.5
4442	24.2
4443	24.1
4444	20.5
4445	19.2
4446	18.1
4447	22
4448	24.5
4449	23.7
4450	22.8
4451	23.2
4452	23.9
4453	23.5
4454	31.8
4455	30.4
4456	27.2
4457	24.1
4458	25.1
4459	26.4
4460	31
4461	33.8
4462	28.2
4463	25.2
4464	22
4465	21.5
4466	21.7
4467	22.8
4468	20.9
4469	18.9
4470	18.4
4471	18.2
4472	21.6
4473	21.1
4474	21.1
4475	22.3
4476	21.6
4477	24.7
4478	24.8
4479	22.8
4480	24.1
4481	24.4
4482	24.2
4483	23.8
4484	24.8
4485	25.2
4486	25.4
4487	23.7
4488	24.7
4489	24.8
4490	24.3
4491	24.2
4492	23.6
4493	22.1
4494	19.9
4495	20.3
4496	20.2
4497	22.7
4498	24.3
4499	30.6
4500	32.3
4501	33.1
4502	31
4503	29.5
4504	28.7
4505	28.8
4506	25.8
4507	25
4508	26.4
4509	25.4
4510	28
4511	29.3
4512	27.4
4513	27.6
4514	26.4
4515	27.5
4516	27.3
4517	25.9
4518	25.5
4519	31.3
4520	30.7
4521	31.7
4522	30.5
4523	29
4524	26.4
4525	25.4
4526	23.7
4527	20.2
4528	19.1
4529	19.1
4530	18.3
4531	23.1
4532	30.6
4533	34.4
4534	31.1
4535	32.5
4536	28.2
4537	26.6
4538	27.8
4539	26.9
4540	26.4
4541	27.7
4542	30
4543	31.4
4544	29.4
4545	29.2
4546	27.2
4547	24.6
4548	19.7
4549	18.3
4550	16.1
4551	16
4552	15
4553	16.5
4554	16.2
4555	17.1
4556	19.5
4557	26.2
4558	29.1
4559	31
4560	31
4561	29
4562	29
4563	26
4564	23.5
4565	23.2
4566	25.5
4567	24.9
4568	26.8
4569	27.9
4570	28.7
4571	25.5
4572	23.7
4573	19.5
4574	18.8
4575	14.7
4576	13.8
4577	13.8
4578	15.9
4579	16.5
4580	20.5
4581	21.8
4582	24.4
4583	31.2
4584	29.6
4585	25.3
4586	21.6
4587	23.3
4588	24.1
4589	20.5
4590	18.2
4591	19.1
4592	22.5
4593	20.7
4594	28.3
4595	25.1
4596	30
4597	27
4598	24.5
4599	22.2
4600	19.1
4601	16.5
4602	16.2
4603	16.1
4604	19.5
4605	30.2
4606	39.1
4607	43.5
4608	42.2
4609	36.6
4610	34.8
4611	38.9
4612	32.4
4613	31.2
4614	27.1
4615	25.5
4616	26.2
4617	31.1
4618	35
4619	36.6
4620	43.5
4621	37.2
4622	34.6
4623	32.8
4624	33.9
4625	38.4
4626	33.2
4627	33.4
4628	23.7
4629	29
4630	29
4631	30.5
4632	32.8
4633	35.4
4634	40.2
4635	41.6
4636	39.3
4637	37.1
4638	35
4639	29.5
4640	28.6
4641	26.4
4642	23.5
4643	22.2
4644	22.6
4645	21.8
4646	23.9
4647	20.4
4648	21.2
4649	23
4650	27.2
4651	28.5
4652	27.8
4653	30.3
4654	29.2
4655	27.6
4656	29.2
4657	25.2
4658	20.5
4659	19.7
4660	19.3
4661	19.1
4662	15.5
4663	20.2
4664	28.6
4665	38.3
4666	39.6
4667	40.3
4668	40.3
4669	45.4
4670	40.6
4671	37
4672	34.4
4673	33.2
4674	32.2
4675	41.2
4676	40.7
4677	42
4678	39.9
4679	39.9
4680	35.6
4681	31
4682	29
4683	29.5
4684	27.2
4685	28.1
4686	28.1
4687	28.1
4688	27
4689	27.5
4690	30.4
4691	28
4692	28.3
4693	28.5
4694	28
4695	28.6
4696	29.1
4697	29.7
4698	31
4699	30.7
4700	29.8
4701	31.5
4702	31.6
4703	30
4704	26.1
4705	23.3
4706	22.7
4707	23.2
4708	21.2
4709	22.5
4710	22.7
4711	25.5
4712	34.4
4713	32.7
4714	30.8
4715	32.4
4716	30.7
4717	27.8
4718	25.4
4719	23.2
4720	22.6
4721	22.8
4722	22.4
4723	22.2
4724	22.6
4725	23.5
4726	26
4727	25.8
4728	24.9
4729	22.2
4730	21.3
4731	22.4
4732	20
4733	19.1
4734	19.9
4735	21.2
4736	22
4737	24.1
4738	24.5
4739	24.7
4740	26
4741	24.4
4742	24.2
4743	23.3
4744	24
4745	24.3
4746	24
4747	24.5
4748	25.6
4749	28.9
4750	29.6
4751	30.1
4752	30.8
4753	28.7
4754	25.7
4755	23.9
4756	20.6
4757	20.8
4758	21.3
4759	23
4760	28.2
4761	28.5
4762	27.8
4763	26
4764	23.1
4765	22.1
4766	23
4767	23
4768	24.2
4769	21.9
4770	18.8
4771	25.9
4772	32.9
4773	38.4
4774	40.7
4775	38.8
4776	36.9
4777	35.4
4778	32.7
4779	29.8
4780	24.9
4781	23.9
4782	23.9
4783	22.9
4784	22.9
4785	26.9
4786	27.7
4787	28.1
4788	28.4
4789	24.7
4790	24
4791	24
4792	20.7
4793	18.3
4794	14.5
4795	22.2
4796	30.1
4797	41
4798	43.5
4799	45.7
4800	41.8
4801	37.4
4802	26.7
4803	22.8
4804	20.9
4805	20.9
4806	21.9
4807	23.4
4808	23.2
4809	22.6
4810	24.8
4811	27.9
4812	28.9
4813	27.9
4814	28.1
4815	28.1
4816	25.2
4817	25.2
4818	21
4819	20
4820	22.7
4821	25
4822	32.3
4823	36.7
4824	38.3
4825	39.1
4826	41
4827	38.5
4828	32.7
4829	27.3
4830	20.6
4831	20.3
4832	18.6
4833	19.8
4834	20.9
4835	20.9
4836	21.9
4837	22.4
4838	23.7
4839	20.9
4840	22.3
4841	19.9
4842	20.6
4843	19.4
4844	20.3
4845	19.5
4846	18.7
4847	20.1
4848	20
4849	20
4850	19
4851	19
4852	16.9
4853	17.3
4854	17.6
4855	17.6
4856	20.3
4857	18.3
4858	18.6
4859	18.7
4860	22.2
4861	23
4862	23
4863	22
4864	22.4
4865	21.1
4866	21
4867	19.1
4868	19
4869	20.2
4870	19.7
4871	19.4
4872	19.6
4873	18.8
4874	19.4
4875	18.7
4876	18.5
4877	18.6
4878	18.4
4879	18.8
4880	19.6
4881	23.2
4882	27
4883	27
4884	28.2
4885	28.1
4886	27.5
4887	25.5
4888	24.4
4889	23.4
4890	23.8
4891	23.7
4892	23.8
4893	23.5
4894	24.2
4895	24.1
4896	23.8
4897	23.4
4898	22.5
4899	22.1
4900	21.8
4901	23.1
4902	22.5
4903	22.4
4904	22.8
4905	23.1
4906	23.6
4907	29.4
4908	30.5
4909	30.3
4910	30.5
4911	30.3
4912	28.5
4913	27.4
4914	27.3
4915	27.7
4916	26.8
4917	27.8
4918	28.8
4919	28.2
4920	26.3
4921	25.6
4922	22
4923	22.8
4924	22.4
4925	23.5
4926	22.8
4927	24.6
4928	24.3
4929	26.3
4930	26.8
4931	28.1
4932	27.6
4933	27.8
4934	27.3
4935	27.2
4936	26.1
4937	25.5
4938	26.5
4939	26.6
4940	26
4941	25.9
4942	26.2
4943	25.6
4944	23.7
4945	19.8
4946	20.3
4947	20.6
4948	19.4
4949	18.3
4950	20.3
4951	21
4952	22.6
4953	26.9
4954	31
4955	31.5
4956	32.2
4957	32.6
4958	32.8
4959	30.4
4960	29.7
4961	30.4
4962	29.9
4963	24
4964	23
4965	24.9
4966	23.1
4967	24
4968	23.9
4969	24.4
4970	25
4971	28.7
4972	33.5
4973	36.7
4974	44.3
4975	48.2
4976	47.1
4977	45.5
4978	48.2
4979	56.6
4980	61.8
4981	63.4
4982	64.7
4983	60.9
4984	58.9
4985	56.6
4986	51.6
4987	56.1
4988	55
4989	54.3
4990	65.3
4991	62
4992	55.6
4993	58
4994	62.1
4995	63.4
4996	65
4997	72
4998	152.8
4999	161.4
5000	130.7
5001	102.8
5002	83.9
5003	74.4
5004	74.4
5005	87.9
5006	105.1
5007	104.5
5008	97.4
5009	91.5
5010	66.9
5011	52.8
5012	47.9
5013	49.9
5014	47.9
5015	45.4
5016	45.7
5017	45.8
5018	49.4
5019	51.7
5020	52.3
5021	50.4
5022	55.2
5023	74.3
5024	60.8
5025	49.5
5026	44.1
5027	37.5
5028	33.2
5029	33.6
5030	40.3
5031	36.6
5032	34.3
5033	32.1
5034	30
5035	34.2
5036	36.5
5037	40.7
5038	40
5039	40
5040	40.4
5041	39.8
5042	42.7
5043	45.5
5044	44.4
5045	46.4
5046	46.9
5047	53.9
5048	53.6
5049	42.8
5050	31.3
5051	29.1
5052	29
5053	30.5
5054	30.7
5055	31.8
5056	30.4
5057	31.2
5058	32.1
5059	32.5
5060	30.5
5061	31.1
5062	30.7
5063	29.2
5064	29.2
5065	21.8
5066	18.9
5067	17.9
5068	17.4
5069	18.7
5070	18.3
5071	36.7
5072	46.8
5073	48.4
5074	44.2
5075	44.1
5076	40
5077	31.5
5078	36.2
5079	37.6
5080	38.3
5081	37.1
5082	39.5
5083	40.7
5084	50.8
5085	55.9
5086	47.9
5087	49.4
5088	52.2
